    0.10000E-03    0.78689E+02
    0.10202E-03    0.80213E+02
    0.10408E-03    0.81767E+02
    0.10618E-03    0.83352E+02
    0.10833E-03    0.84966E+02
    0.11052E-03    0.86613E+02
    0.11275E-03    0.88291E+02
    0.11503E-03    0.90001E+02
    0.11735E-03    0.91745E+02
    0.11972E-03    0.93522E+02
    0.12214E-03    0.95334E+02
    0.12461E-03    0.97180E+02
    0.12712E-03    0.99063E+02
    0.12969E-03    0.10098E+03
    0.13231E-03    0.10294E+03
    0.13499E-03    0.10493E+03
    0.13771E-03    0.10696E+03
    0.14049E-03    0.10904E+03
    0.14333E-03    0.11115E+03
    0.14623E-03    0.11330E+03
    0.14918E-03    0.11549E+03
    0.15220E-03    0.11773E+03
    0.15527E-03    0.12001E+03
    0.15841E-03    0.12233E+03
    0.16161E-03    0.12470E+03
    0.16487E-03    0.12712E+03
    0.16820E-03    0.12958E+03
    0.17160E-03    0.13209E+03
    0.17507E-03    0.13464E+03
    0.17860E-03    0.13725E+03
    0.18221E-03    0.13990E+03
    0.18589E-03    0.14261E+03
    0.18965E-03    0.14537E+03
    0.19348E-03    0.14819E+03
    0.19739E-03    0.15105E+03
    0.20138E-03    0.15398E+03
    0.20544E-03    0.15695E+03
    0.20959E-03    0.15999E+03
    0.21383E-03    0.16309E+03
    0.21815E-03    0.16624E+03
    0.22255E-03    0.16945E+03
    0.22705E-03    0.17273E+03
    0.23164E-03    0.17607E+03
    0.23632E-03    0.17948E+03
    0.24109E-03    0.18295E+03
    0.24596E-03    0.18648E+03
    0.25093E-03    0.19009E+03
    0.25600E-03    0.19376E+03
    0.26117E-03    0.19750E+03
    0.26645E-03    0.20132E+03
    0.27183E-03    0.20521E+03
    0.27732E-03    0.20917E+03
    0.28292E-03    0.21321E+03
    0.28864E-03    0.21733E+03
    0.29447E-03    0.22152E+03
    0.30042E-03    0.22580E+03
    0.30649E-03    0.23016E+03
    0.31268E-03    0.23460E+03
    0.31899E-03    0.23913E+03
    0.32544E-03    0.24374E+03
    0.33201E-03    0.24844E+03
    0.33872E-03    0.25323E+03
    0.34556E-03    0.25811E+03
    0.35254E-03    0.26309E+03
    0.35966E-03    0.26816E+03
    0.36693E-03    0.27332E+03
    0.37434E-03    0.27859E+03
    0.38190E-03    0.28395E+03
    0.38962E-03    0.28942E+03
    0.39749E-03    0.29499E+03
    0.40552E-03    0.30066E+03
    0.41371E-03    0.30644E+03
    0.42207E-03    0.31234E+03
    0.43060E-03    0.31834E+03
    0.43929E-03    0.32446E+03
    0.44817E-03    0.33069E+03
    0.45722E-03    0.33704E+03
    0.46646E-03    0.34351E+03
    0.47588E-03    0.35010E+03
    0.48550E-03    0.35681E+03
    0.49530E-03    0.36365E+03
    0.50531E-03    0.37062E+03
    0.51552E-03    0.37772E+03
    0.52593E-03    0.38495E+03
    0.53656E-03    0.39232E+03
    0.54739E-03    0.39983E+03
    0.55845E-03    0.40747E+03
    0.56973E-03    0.41526E+03
    0.58124E-03    0.42319E+03
    0.59299E-03    0.43126E+03
    0.60496E-03    0.43949E+03
    0.61719E-03    0.44787E+03
    0.62965E-03    0.45640E+03
    0.64237E-03    0.46509E+03
    0.65535E-03    0.47394E+03
    0.66859E-03    0.48295E+03
    0.68210E-03    0.49213E+03
    0.69588E-03    0.50147E+03
    0.70993E-03    0.51099E+03
    0.72427E-03    0.52067E+03
    0.73891E-03    0.53054E+03
    0.75383E-03    0.54058E+03
    0.76906E-03    0.55080E+03
    0.78460E-03    0.56121E+03
    0.80045E-03    0.57180E+03
    0.81662E-03    0.58258E+03
    0.83311E-03    0.59356E+03
    0.84994E-03    0.60473E+03
    0.86711E-03    0.61610E+03
    0.88463E-03    0.62767E+03
    0.90250E-03    0.63945E+03
    0.92073E-03    0.65143E+03
    0.93933E-03    0.66363E+03
    0.95831E-03    0.67604E+03
    0.97767E-03    0.68866E+03
    0.99742E-03    0.70150E+03
    0.10176E-02    0.71457E+03
    0.10381E-02    0.72786E+03
    0.10591E-02    0.74139E+03
    0.10805E-02    0.75514E+03
    0.11023E-02    0.76913E+03
    0.11246E-02    0.78336E+03
    0.11473E-02    0.79783E+03
    0.11705E-02    0.81254E+03
    0.11941E-02    0.82750E+03
    0.12182E-02    0.84271E+03
    0.12429E-02    0.85818E+03
    0.12680E-02    0.87390E+03
    0.12936E-02    0.88988E+03
    0.13197E-02    0.90613E+03
    0.13464E-02    0.92264E+03
    0.13736E-02    0.93942E+03
    0.14013E-02    0.95648E+03
    0.14296E-02    0.97381E+03
    0.14585E-02    0.99142E+03
    0.14880E-02    0.10093E+04
    0.15180E-02    0.10275E+04
    0.15487E-02    0.10459E+04
    0.15800E-02    0.10647E+04
    0.16119E-02    0.10837E+04
    0.16445E-02    0.11031E+04
    0.16777E-02    0.11227E+04
    0.17116E-02    0.11426E+04
    0.17462E-02    0.11629E+04
    0.17814E-02    0.11834E+04
    0.18174E-02    0.12043E+04
    0.18541E-02    0.12255E+04
    0.18916E-02    0.12469E+04
    0.19298E-02    0.12687E+04
    0.19688E-02    0.12908E+04
    0.20086E-02    0.13132E+04
    0.20491E-02    0.13360E+04
    0.20905E-02    0.13591E+04
    0.21328E-02    0.13824E+04
    0.21758E-02    0.14062E+04
    0.22198E-02    0.14302E+04
    0.22646E-02    0.14545E+04
    0.23104E-02    0.14792E+04
    0.23571E-02    0.15042E+04
    0.24047E-02    0.15296E+04
    0.24533E-02    0.15553E+04
    0.25028E-02    0.15813E+04
    0.25534E-02    0.16076E+04
    0.26050E-02    0.16342E+04
    0.26576E-02    0.16612E+04
    0.27113E-02    0.16885E+04
    0.27660E-02    0.17162E+04
    0.28219E-02    0.17441E+04
    0.28789E-02    0.17724E+04
    0.29371E-02    0.18010E+04
    0.29964E-02    0.18299E+04
    0.30569E-02    0.18591E+04
    0.31187E-02    0.18887E+04
    0.31817E-02    0.19185E+04
    0.32460E-02    0.19487E+04
    0.33115E-02    0.19792E+04
    0.33784E-02    0.20099E+04
    0.34467E-02    0.20410E+04
    0.35163E-02    0.20724E+04
    0.35874E-02    0.21040E+04
    0.36598E-02    0.21359E+04
    0.37338E-02    0.21681E+04
    0.38092E-02    0.22006E+04
    0.38861E-02    0.22333E+04
    0.39646E-02    0.22663E+04
    0.40447E-02    0.22995E+04
    0.41264E-02    0.23330E+04
    0.42098E-02    0.23667E+04
    0.42948E-02    0.24007E+04
    0.43816E-02    0.24349E+04
    0.44701E-02    0.24692E+04
    0.45604E-02    0.25037E+04
    0.46525E-02    0.25383E+04
    0.47465E-02    0.25730E+04
    0.48424E-02    0.26078E+04
    0.49402E-02    0.26427E+04
    0.50400E-02    0.26778E+04
    0.51419E-02    0.27130E+04
    0.52457E-02    0.27485E+04
    0.53517E-02    0.27840E+04
    0.54598E-02    0.28197E+04
    0.55701E-02    0.28555E+04
    0.56826E-02    0.28912E+04
    0.57974E-02    0.29270E+04
    0.59145E-02    0.29628E+04
    0.60340E-02    0.29985E+04
    0.61559E-02    0.30342E+04
    0.62803E-02    0.30698E+04
    0.64072E-02    0.31054E+04
    0.65366E-02    0.31408E+04
    0.66686E-02    0.31761E+04
    0.68033E-02    0.32113E+04
    0.69408E-02    0.32463E+04
    0.70810E-02    0.32811E+04
    0.72240E-02    0.33157E+04
    0.73700E-02    0.33500E+04
    0.75189E-02    0.33841E+04
    0.76708E-02    0.34178E+04
    0.78257E-02    0.34512E+04
    0.79838E-02    0.34842E+04
    0.81451E-02    0.35168E+04
    0.83096E-02    0.35490E+04
    0.84775E-02    0.35808E+04
    0.86488E-02    0.36120E+04
    0.88235E-02    0.36427E+04
    0.90017E-02    0.36728E+04
    0.91836E-02    0.37023E+04
    0.93691E-02    0.37312E+04
    0.95583E-02    0.37594E+04
    0.97514E-02    0.37869E+04
    0.99484E-02    0.38136E+04
    0.10149E-01    0.38396E+04
    0.10354E-01    0.38647E+04
    0.10564E-01    0.38889E+04
    0.10777E-01    0.39122E+04
    0.10995E-01    0.39345E+04
    0.11217E-01    0.39559E+04
    0.11443E-01    0.39761E+04
    0.11675E-01    0.39952E+04
    0.11910E-01    0.40133E+04
    0.12151E-01    0.40301E+04
    0.12397E-01    0.40458E+04
    0.12647E-01    0.40603E+04
    0.12902E-01    0.40735E+04
    0.13163E-01    0.40853E+04
    0.13429E-01    0.40955E+04
    0.13700E-01    0.41040E+04
    0.13977E-01    0.41109E+04
    0.14259E-01    0.41160E+04
    0.14547E-01    0.41198E+04
    0.14841E-01    0.41225E+04
    0.15141E-01    0.41243E+04
    0.15447E-01    0.41254E+04
    0.15759E-01    0.41256E+04
    0.16077E-01    0.41243E+04
    0.16402E-01    0.41211E+04
    0.16734E-01    0.41154E+04
    0.17072E-01    0.41070E+04
    0.17416E-01    0.40959E+04
    0.17768E-01    0.40824E+04
    0.18127E-01    0.40668E+04
    0.18493E-01    0.40493E+04
    0.18867E-01    0.40303E+04
    0.19248E-01    0.40096E+04
    0.19637E-01    0.39868E+04
    0.20034E-01    0.39617E+04
    0.20438E-01    0.39339E+04
    0.20851E-01    0.39034E+04
    0.21272E-01    0.38702E+04
    0.21702E-01    0.38349E+04
    0.22141E-01    0.37977E+04
    0.22588E-01    0.37590E+04
    0.23044E-01    0.37190E+04
    0.23510E-01    0.36778E+04
    0.23985E-01    0.36354E+04
    0.24469E-01    0.35918E+04
    0.24964E-01    0.35470E+04
    0.25468E-01    0.35010E+04
    0.25982E-01    0.34536E+04
    0.26507E-01    0.34050E+04
    0.27043E-01    0.33550E+04
    0.27589E-01    0.33036E+04
    0.28146E-01    0.32509E+04
    0.28715E-01    0.31969E+04
    0.29295E-01    0.31420E+04
    0.29887E-01    0.30862E+04
    0.30490E-01    0.30297E+04
    0.31106E-01    0.29727E+04
    0.31735E-01    0.29155E+04
    0.32376E-01    0.28583E+04
    0.33030E-01    0.28012E+04
    0.33697E-01    0.27446E+04
    0.34378E-01    0.26885E+04
    0.35072E-01    0.26331E+04
    0.35781E-01    0.25785E+04
    0.36504E-01    0.25249E+04
    0.37241E-01    0.24722E+04
    0.37993E-01    0.24207E+04
    0.38761E-01    0.23704E+04
    0.39544E-01    0.23214E+04
    0.40343E-01    0.22738E+04
    0.41158E-01    0.22276E+04
    0.41989E-01    0.21829E+04
    0.42838E-01    0.21400E+04
    0.43703E-01    0.20988E+04
    0.44586E-01    0.20596E+04
    0.45486E-01    0.20225E+04
    0.46405E-01    0.19875E+04
    0.47343E-01    0.19544E+04
    0.48299E-01    0.19230E+04
    0.49275E-01    0.18932E+04
    0.50270E-01    0.18648E+04
    0.51286E-01    0.18377E+04
    0.52322E-01    0.18118E+04
    0.53379E-01    0.17870E+04
    0.54457E-01    0.17630E+04
    0.55557E-01    0.17397E+04
    0.56680E-01    0.17168E+04
    0.57825E-01    0.16941E+04
    0.58993E-01    0.16712E+04
    0.60184E-01    0.16480E+04
    0.61400E-01    0.16244E+04
    0.62641E-01    0.16000E+04
    0.63906E-01    0.15745E+04
    0.65197E-01    0.15475E+04
    0.66514E-01    0.15188E+04
    0.67858E-01    0.14886E+04
    0.69229E-01    0.14573E+04
    0.70627E-01    0.14252E+04
    0.72054E-01    0.13919E+04
    0.73510E-01    0.13564E+04
    0.74994E-01    0.13184E+04
    0.76509E-01    0.12782E+04
    0.78055E-01    0.12367E+04
    0.79632E-01    0.11946E+04
    0.81241E-01    0.11522E+04
    0.82882E-01    0.11098E+04
    0.84556E-01    0.10677E+04
    0.86264E-01    0.10265E+04
    0.88007E-01    0.98648E+03
    0.89785E-01    0.94823E+03
    0.91598E-01    0.91210E+03
    0.93449E-01    0.87840E+03
    0.95337E-01    0.84740E+03
    0.97263E-01    0.81933E+03
    0.99227E-01    0.79425E+03
    0.10123E+00    0.77208E+03
    0.10328E+00    0.75274E+03
    0.10536E+00    0.73590E+03
    0.10749E+00    0.72123E+03
    0.10966E+00    0.70829E+03
    0.11188E+00    0.69656E+03
    0.11414E+00    0.68551E+03
    0.11644E+00    0.67455E+03
    0.11880E+00    0.66312E+03
    0.12120E+00    0.65069E+03
    0.12365E+00    0.63681E+03
    0.12614E+00    0.62120E+03
    0.12869E+00    0.60371E+03
    0.13129E+00    0.58442E+03
    0.13394E+00    0.56353E+03
    0.13665E+00    0.54143E+03
    0.13941E+00    0.51855E+03
    0.14223E+00    0.49547E+03
    0.14510E+00    0.47276E+03
    0.14803E+00    0.45110E+03
    0.15102E+00    0.43106E+03
    0.15407E+00    0.41315E+03
    0.15718E+00    0.39764E+03
    0.16036E+00    0.38454E+03
    0.16360E+00    0.37361E+03
    0.16690E+00    0.36447E+03
    0.17028E+00    0.35662E+03
    0.17371E+00    0.34954E+03
    0.17722E+00    0.34264E+03
    0.18080E+00    0.33534E+03
    0.18446E+00    0.32710E+03
    0.18818E+00    0.31756E+03
    0.19198E+00    0.30666E+03
    0.19586E+00    0.29468E+03
    0.19982E+00    0.28207E+03
    0.20386E+00    0.26936E+03
    0.20797E+00    0.25708E+03
    0.21218E+00    0.24571E+03
    0.21646E+00    0.23563E+03
    0.22083E+00    0.22703E+03
    0.22530E+00    0.21984E+03
    0.22985E+00    0.21378E+03
    0.23449E+00    0.20839E+03
    0.23923E+00    0.20320E+03
    0.24406E+00    0.19774E+03
    0.24899E+00    0.19169E+03
    0.25402E+00    0.18496E+03
    0.25915E+00    0.17770E+03
    0.26439E+00    0.17024E+03
    0.26973E+00    0.16296E+03
    0.27518E+00    0.15619E+03
    0.28074E+00    0.15017E+03
    0.28641E+00    0.14497E+03
    0.29219E+00    0.14044E+03
    0.29810E+00    0.13629E+03
    0.30412E+00    0.13221E+03
    0.31026E+00    0.12797E+03
    0.31653E+00    0.12346E+03
    0.32292E+00    0.11874E+03
    0.32945E+00    0.11402E+03
    0.33610E+00    0.10952E+03
    0.34289E+00    0.10539E+03
    0.34982E+00    0.10167E+03
    0.35689E+00    0.98303E+02
    0.36409E+00    0.95114E+02
    0.37145E+00    0.91944E+02
    0.37895E+00    0.88717E+02
    0.38661E+00    0.85446E+02
    0.39442E+00    0.82227E+02
    0.40239E+00    0.79169E+02
    0.41052E+00    0.76326E+02
    0.41881E+00    0.73688E+02
    0.42727E+00    0.71186E+02
    0.43590E+00    0.68740E+02
    0.44471E+00    0.66315E+02
    0.45369E+00    0.63922E+02
    0.46286E+00    0.61610E+02
    0.47221E+00    0.59420E+02
    0.48174E+00    0.57349E+02
    0.49148E+00    0.55377E+02
    0.50141E+00    0.53460E+02
    0.51153E+00    0.51590E+02
    0.52187E+00    0.49772E+02
    0.53241E+00    0.48028E+02
    0.54317E+00    0.46364E+02
    0.55414E+00    0.44768E+02
    0.56533E+00    0.43227E+02
    0.57675E+00    0.41740E+02
    0.58840E+00    0.40307E+02
    0.60029E+00    0.38927E+02
    0.61242E+00    0.37599E+02
    0.62479E+00    0.36321E+02
    0.63741E+00    0.35091E+02
    0.65029E+00    0.33907E+02
    0.66342E+00    0.32767E+02
    0.67683E+00    0.31670E+02
    0.69050E+00    0.30613E+02
    0.70445E+00    0.29595E+02
    0.71868E+00    0.28616E+02
    0.73320E+00    0.27672E+02
    0.74801E+00    0.26763E+02
    0.76312E+00    0.25887E+02
    0.77854E+00    0.25044E+02
    0.79426E+00    0.24231E+02
    0.81031E+00    0.23449E+02
    0.82668E+00    0.22694E+02
    0.84338E+00    0.21968E+02
    0.86041E+00    0.21268E+02
    0.87780E+00    0.20593E+02
    0.89553E+00    0.19943E+02
    0.91362E+00    0.19317E+02
    0.93208E+00    0.18713E+02
    0.95091E+00    0.18131E+02
    0.97011E+00    0.17570E+02
    0.98971E+00    0.17029E+02
    0.10097E+01    0.16507E+02
    0.10301E+01    0.16004E+02
    0.10509E+01    0.15518E+02
    0.10721E+01    0.15049E+02
    0.10938E+01    0.14597E+02
    0.11159E+01    0.14161E+02
    0.11384E+01    0.13740E+02
    0.11614E+01    0.13333E+02
    0.11849E+01    0.12941E+02
    0.12088E+01    0.12562E+02
    0.12333E+01    0.12195E+02
    0.12582E+01    0.11842E+02
    0.12836E+01    0.11500E+02
    0.13095E+01    0.11169E+02
    0.13360E+01    0.10850E+02
    0.13630E+01    0.10541E+02
    0.13905E+01    0.10242E+02
    0.14186E+01    0.99532E+01
    0.14472E+01    0.96737E+01
    0.14765E+01    0.94032E+01
    0.15063E+01    0.91413E+01
    0.15367E+01    0.88879E+01
    0.15678E+01    0.86424E+01
    0.15994E+01    0.84047E+01
    0.16318E+01    0.81744E+01
    0.16647E+01    0.79512E+01
    0.16984E+01    0.77349E+01
    0.17327E+01    0.75253E+01
    0.17677E+01    0.73220E+01
    0.18034E+01    0.71248E+01
    0.18398E+01    0.69335E+01
    0.18770E+01    0.67479E+01
    0.19149E+01    0.65677E+01
    0.19536E+01    0.63928E+01
    0.19930E+01    0.62231E+01
    0.20333E+01    0.60581E+01
    0.20744E+01    0.58979E+01
    0.21163E+01    0.57423E+01
    0.21590E+01    0.55910E+01
    0.22026E+01    0.54440E+01
    0.22471E+01    0.53010E+01
    0.22925E+01    0.51620E+01
    0.23388E+01    0.50267E+01
    0.23861E+01    0.48951E+01
    0.24343E+01    0.47671E+01
    0.24835E+01    0.46425E+01
    0.25336E+01    0.45212E+01
    0.25848E+01    0.44030E+01
    0.26370E+01    0.42880E+01
    0.26903E+01    0.41760E+01
    0.27447E+01    0.40668E+01
    0.28001E+01    0.39604E+01
    0.28567E+01    0.38568E+01
    0.29144E+01    0.37557E+01
    0.29733E+01    0.36573E+01
    0.30333E+01    0.35612E+01
    0.30946E+01    0.34676E+01
    0.31571E+01    0.33763E+01
    0.32209E+01    0.32872E+01
    0.32860E+01    0.32003E+01
    0.33523E+01    0.31155E+01
    0.34201E+01    0.30328E+01
    0.34892E+01    0.29520E+01
    0.35596E+01    0.28733E+01
    0.36316E+01    0.27964E+01
    0.37049E+01    0.27213E+01
    0.37798E+01    0.26480E+01
    0.38561E+01    0.25765E+01
    0.39340E+01    0.25067E+01
    0.40135E+01    0.24385E+01
    0.40946E+01    0.23719E+01
    0.41773E+01    0.23069E+01
    0.42617E+01    0.22435E+01
    0.43478E+01    0.21815E+01
    0.44356E+01    0.21210E+01
    0.45252E+01    0.20619E+01
    0.46166E+01    0.20042E+01
    0.47099E+01    0.19478E+01
    0.48050E+01    0.18928E+01
    0.49021E+01    0.18391E+01
    0.50011E+01    0.17867E+01
    0.51021E+01    0.17355E+01
    0.52052E+01    0.16855E+01
    0.53104E+01    0.16367E+01
    0.54176E+01    0.15891E+01
    0.55271E+01    0.15426E+01
    0.56387E+01    0.14972E+01
    0.57526E+01    0.14530E+01
    0.58689E+01    0.14098E+01
    0.59874E+01    0.13676E+01
    0.61084E+01    0.13265E+01
    0.62318E+01    0.12864E+01
    0.63577E+01    0.12473E+01
    0.64861E+01    0.12091E+01
    0.66171E+01    0.11720E+01
    0.67508E+01    0.11357E+01
    0.68872E+01    0.11004E+01
    0.70263E+01    0.10659E+01
    0.71682E+01    0.10324E+01
    0.73130E+01    0.99967E+00
    0.74608E+01    0.96782E+00
    0.76115E+01    0.93681E+00
    0.77653E+01    0.90661E+00
    0.79221E+01    0.87722E+00
    0.80822E+01    0.84860E+00
    0.82454E+01    0.82076E+00
    0.84120E+01    0.79367E+00
    0.85819E+01    0.76731E+00
    0.87553E+01    0.74169E+00
    0.89322E+01    0.71677E+00
    0.91126E+01    0.69255E+00
    0.92967E+01    0.66901E+00
    0.94845E+01    0.64613E+00
    0.96761E+01    0.62392E+00
    0.98716E+01    0.60234E+00
    0.10071E+02    0.58138E+00
    0.10274E+02    0.56104E+00
    0.10482E+02    0.54130E+00
    0.10694E+02    0.52215E+00
    0.10910E+02    0.50357E+00
    0.11130E+02    0.48555E+00
    0.11355E+02    0.46807E+00
    0.11584E+02    0.45114E+00
    0.11818E+02    0.43473E+00
    0.12057E+02    0.41882E+00
    0.12301E+02    0.40342E+00
    0.12549E+02    0.38851E+00
    0.12803E+02    0.37406E+00
    0.13061E+02    0.36009E+00
    0.13325E+02    0.34656E+00
    0.13594E+02    0.33348E+00
    0.13869E+02    0.32082E+00
    0.14149E+02    0.30859E+00
    0.14435E+02    0.29676E+00
    0.14727E+02    0.28533E+00
    0.15024E+02    0.27428E+00
    0.15328E+02    0.26362E+00
    0.15637E+02    0.25331E+00
    0.15953E+02    0.24337E+00
    0.16275E+02    0.23377E+00
    0.16604E+02    0.22450E+00
    0.16940E+02    0.21557E+00
    0.17282E+02    0.20695E+00
    0.17631E+02    0.19863E+00
    0.17987E+02    0.19062E+00
    0.18351E+02    0.18290E+00
    0.18721E+02    0.17546E+00
    0.19099E+02    0.16830E+00
    0.19485E+02    0.16140E+00
    0.19879E+02    0.15475E+00
    0.20280E+02    0.14836E+00
    0.20690E+02    0.14220E+00
    0.21108E+02    0.13628E+00
    0.21535E+02    0.13058E+00
    0.21970E+02    0.12511E+00
    0.22413E+02    0.11984E+00
    0.22866E+02    0.11478E+00
    0.23328E+02    0.10992E+00
    0.23799E+02    0.10524E+00
    0.24280E+02    0.10075E+00
    0.24771E+02    0.96443E-01
    0.25271E+02    0.92304E-01
    0.25782E+02    0.88330E-01
    0.26302E+02    0.84517E-01
    0.26834E+02    0.80857E-01
    0.27376E+02    0.77346E-01
    0.27929E+02    0.73978E-01
    0.28493E+02    0.70749E-01
    0.29069E+02    0.67652E-01
    0.29656E+02    0.64683E-01
    0.30255E+02    0.61837E-01
    0.30866E+02    0.59110E-01
    0.31490E+02    0.56496E-01
    0.32126E+02    0.53993E-01
    0.32775E+02    0.51595E-01
    0.33437E+02    0.49298E-01
    0.34112E+02    0.47099E-01
    0.34801E+02    0.44993E-01
    0.35504E+02    0.42978E-01
    0.36222E+02    0.41049E-01
    0.36953E+02    0.39203E-01
    0.37700E+02    0.37437E-01
    0.38462E+02    0.35747E-01
    0.39239E+02    0.34131E-01
    0.40031E+02    0.32585E-01
    0.40840E+02    0.31107E-01
    0.41665E+02    0.29693E-01
    0.42507E+02    0.28341E-01
    0.43365E+02    0.27049E-01
    0.44241E+02    0.25814E-01
    0.45135E+02    0.24633E-01
    0.46047E+02    0.23505E-01
    0.46977E+02    0.22426E-01
    0.47926E+02    0.21395E-01
    0.48894E+02    0.20410E-01
    0.49882E+02    0.19469E-01
    0.50890E+02    0.18571E-01
    0.51918E+02    0.17712E-01
    0.52966E+02    0.16892E-01
    0.54036E+02    0.16110E-01
    0.55128E+02    0.15363E-01
    0.56242E+02    0.14651E-01
    0.57378E+02    0.13971E-01
    0.58537E+02    0.13323E-01
