    0.10000E-03    0.52795E+02
    0.10202E-03    0.53818E+02
    0.10408E-03    0.54860E+02
    0.10618E-03    0.55923E+02
    0.10833E-03    0.57007E+02
    0.11052E-03    0.58111E+02
    0.11275E-03    0.59237E+02
    0.11503E-03    0.60385E+02
    0.11735E-03    0.61555E+02
    0.11972E-03    0.62747E+02
    0.12214E-03    0.63963E+02
    0.12461E-03    0.65202E+02
    0.12712E-03    0.66465E+02
    0.12969E-03    0.67752E+02
    0.13231E-03    0.69065E+02
    0.13499E-03    0.70402E+02
    0.13771E-03    0.71766E+02
    0.14049E-03    0.73156E+02
    0.14333E-03    0.74573E+02
    0.14623E-03    0.76017E+02
    0.14918E-03    0.77489E+02
    0.15220E-03    0.78990E+02
    0.15527E-03    0.80519E+02
    0.15841E-03    0.82079E+02
    0.16161E-03    0.83668E+02
    0.16487E-03    0.85288E+02
    0.16820E-03    0.86939E+02
    0.17160E-03    0.88622E+02
    0.17507E-03    0.90338E+02
    0.17860E-03    0.92086E+02
    0.18221E-03    0.93869E+02
    0.18589E-03    0.95686E+02
    0.18965E-03    0.97538E+02
    0.19348E-03    0.99425E+02
    0.19739E-03    0.10135E+03
    0.20138E-03    0.10331E+03
    0.20544E-03    0.10531E+03
    0.20959E-03    0.10735E+03
    0.21383E-03    0.10942E+03
    0.21815E-03    0.11154E+03
    0.22255E-03    0.11370E+03
    0.22705E-03    0.11590E+03
    0.23164E-03    0.11814E+03
    0.23632E-03    0.12042E+03
    0.24109E-03    0.12275E+03
    0.24596E-03    0.12512E+03
    0.25093E-03    0.12754E+03
    0.25600E-03    0.13001E+03
    0.26117E-03    0.13252E+03
    0.26645E-03    0.13508E+03
    0.27183E-03    0.13769E+03
    0.27732E-03    0.14035E+03
    0.28292E-03    0.14306E+03
    0.28864E-03    0.14583E+03
    0.29447E-03    0.14864E+03
    0.30042E-03    0.15151E+03
    0.30649E-03    0.15444E+03
    0.31268E-03    0.15742E+03
    0.31899E-03    0.16045E+03
    0.32544E-03    0.16355E+03
    0.33201E-03    0.16671E+03
    0.33872E-03    0.16992E+03
    0.34556E-03    0.17320E+03
    0.35254E-03    0.17654E+03
    0.35966E-03    0.17994E+03
    0.36693E-03    0.18341E+03
    0.37434E-03    0.18694E+03
    0.38190E-03    0.19054E+03
    0.38962E-03    0.19421E+03
    0.39749E-03    0.19795E+03
    0.40552E-03    0.20176E+03
    0.41371E-03    0.20564E+03
    0.42207E-03    0.20960E+03
    0.43060E-03    0.21363E+03
    0.43929E-03    0.21773E+03
    0.44817E-03    0.22192E+03
    0.45722E-03    0.22618E+03
    0.46646E-03    0.23052E+03
    0.47588E-03    0.23495E+03
    0.48550E-03    0.23946E+03
    0.49530E-03    0.24405E+03
    0.50531E-03    0.24873E+03
    0.51552E-03    0.25349E+03
    0.52593E-03    0.25835E+03
    0.53656E-03    0.26330E+03
    0.54739E-03    0.26834E+03
    0.55845E-03    0.27347E+03
    0.56973E-03    0.27870E+03
    0.58124E-03    0.28402E+03
    0.59299E-03    0.28945E+03
    0.60496E-03    0.29497E+03
    0.61719E-03    0.30060E+03
    0.62965E-03    0.30633E+03
    0.64237E-03    0.31217E+03
    0.65535E-03    0.31811E+03
    0.66859E-03    0.32416E+03
    0.68210E-03    0.33033E+03
    0.69588E-03    0.33660E+03
    0.70993E-03    0.34300E+03
    0.72427E-03    0.34950E+03
    0.73891E-03    0.35613E+03
    0.75383E-03    0.36287E+03
    0.76906E-03    0.36974E+03
    0.78460E-03    0.37673E+03
    0.80045E-03    0.38385E+03
    0.81662E-03    0.39109E+03
    0.83311E-03    0.39847E+03
    0.84994E-03    0.40598E+03
    0.86711E-03    0.41362E+03
    0.88463E-03    0.42139E+03
    0.90250E-03    0.42930E+03
    0.92073E-03    0.43736E+03
    0.93933E-03    0.44555E+03
    0.95831E-03    0.45389E+03
    0.97767E-03    0.46237E+03
    0.99742E-03    0.47100E+03
    0.10176E-02    0.47979E+03
    0.10381E-02    0.48872E+03
    0.10591E-02    0.49781E+03
    0.10805E-02    0.50705E+03
    0.11023E-02    0.51645E+03
    0.11246E-02    0.52601E+03
    0.11473E-02    0.53574E+03
    0.11705E-02    0.54562E+03
    0.11941E-02    0.55568E+03
    0.12182E-02    0.56590E+03
    0.12429E-02    0.57629E+03
    0.12680E-02    0.58686E+03
    0.12936E-02    0.59760E+03
    0.13197E-02    0.60852E+03
    0.13464E-02    0.61962E+03
    0.13736E-02    0.63089E+03
    0.14013E-02    0.64236E+03
    0.14296E-02    0.65400E+03
    0.14585E-02    0.66583E+03
    0.14880E-02    0.67785E+03
    0.15180E-02    0.69007E+03
    0.15487E-02    0.70247E+03
    0.15800E-02    0.71507E+03
    0.16119E-02    0.72787E+03
    0.16445E-02    0.74086E+03
    0.16777E-02    0.75406E+03
    0.17116E-02    0.76745E+03
    0.17462E-02    0.78105E+03
    0.17814E-02    0.79486E+03
    0.18174E-02    0.80887E+03
    0.18541E-02    0.82309E+03
    0.18916E-02    0.83752E+03
    0.19298E-02    0.85216E+03
    0.19688E-02    0.86701E+03
    0.20086E-02    0.88208E+03
    0.20491E-02    0.89736E+03
    0.20905E-02    0.91286E+03
    0.21328E-02    0.92857E+03
    0.21758E-02    0.94450E+03
    0.22198E-02    0.96065E+03
    0.22646E-02    0.97701E+03
    0.23104E-02    0.99360E+03
    0.23571E-02    0.10104E+04
    0.24047E-02    0.10274E+04
    0.24533E-02    0.10447E+04
    0.25028E-02    0.10621E+04
    0.25534E-02    0.10798E+04
    0.26050E-02    0.10977E+04
    0.26576E-02    0.11159E+04
    0.27113E-02    0.11342E+04
    0.27660E-02    0.11528E+04
    0.28219E-02    0.11716E+04
    0.28789E-02    0.11906E+04
    0.29371E-02    0.12098E+04
    0.29964E-02    0.12292E+04
    0.30569E-02    0.12488E+04
    0.31187E-02    0.12687E+04
    0.31817E-02    0.12888E+04
    0.32460E-02    0.13090E+04
    0.33115E-02    0.13295E+04
    0.33784E-02    0.13502E+04
    0.34467E-02    0.13710E+04
    0.35163E-02    0.13921E+04
    0.35874E-02    0.14134E+04
    0.36598E-02    0.14348E+04
    0.37338E-02    0.14564E+04
    0.38092E-02    0.14783E+04
    0.38861E-02    0.15002E+04
    0.39646E-02    0.15224E+04
    0.40447E-02    0.15447E+04
    0.41264E-02    0.15672E+04
    0.42098E-02    0.15899E+04
    0.42948E-02    0.16127E+04
    0.43816E-02    0.16356E+04
    0.44701E-02    0.16587E+04
    0.45604E-02    0.16819E+04
    0.46525E-02    0.17051E+04
    0.47465E-02    0.17285E+04
    0.48424E-02    0.17519E+04
    0.49402E-02    0.17755E+04
    0.50400E-02    0.17991E+04
    0.51419E-02    0.18228E+04
    0.52457E-02    0.18467E+04
    0.53517E-02    0.18706E+04
    0.54598E-02    0.18945E+04
    0.55701E-02    0.19186E+04
    0.56826E-02    0.19426E+04
    0.57974E-02    0.19666E+04
    0.59145E-02    0.19907E+04
    0.60340E-02    0.20147E+04
    0.61559E-02    0.20387E+04
    0.62803E-02    0.20626E+04
    0.64072E-02    0.20865E+04
    0.65366E-02    0.21104E+04
    0.66686E-02    0.21341E+04
    0.68033E-02    0.21577E+04
    0.69408E-02    0.21813E+04
    0.70810E-02    0.22047E+04
    0.72240E-02    0.22279E+04
    0.73700E-02    0.22510E+04
    0.75189E-02    0.22739E+04
    0.76708E-02    0.22966E+04
    0.78257E-02    0.23190E+04
    0.79838E-02    0.23412E+04
    0.81451E-02    0.23631E+04
    0.83096E-02    0.23848E+04
    0.84775E-02    0.24061E+04
    0.86488E-02    0.24271E+04
    0.88235E-02    0.24478E+04
    0.90017E-02    0.24680E+04
    0.91836E-02    0.24879E+04
    0.93691E-02    0.25073E+04
    0.95583E-02    0.25263E+04
    0.97514E-02    0.25448E+04
    0.99484E-02    0.25627E+04
    0.10149E-01    0.25802E+04
    0.10354E-01    0.25971E+04
    0.10564E-01    0.26134E+04
    0.10777E-01    0.26291E+04
    0.10995E-01    0.26441E+04
    0.11217E-01    0.26584E+04
    0.11443E-01    0.26720E+04
    0.11675E-01    0.26849E+04
    0.11910E-01    0.26971E+04
    0.12151E-01    0.27084E+04
    0.12397E-01    0.27190E+04
    0.12647E-01    0.27287E+04
    0.12902E-01    0.27376E+04
    0.13163E-01    0.27456E+04
    0.13429E-01    0.27525E+04
    0.13700E-01    0.27582E+04
    0.13977E-01    0.27628E+04
    0.14259E-01    0.27664E+04
    0.14547E-01    0.27689E+04
    0.14841E-01    0.27708E+04
    0.15141E-01    0.27720E+04
    0.15447E-01    0.27728E+04
    0.15759E-01    0.27729E+04
    0.16077E-01    0.27721E+04
    0.16402E-01    0.27699E+04
    0.16734E-01    0.27662E+04
    0.17072E-01    0.27605E+04
    0.17416E-01    0.27531E+04
    0.17768E-01    0.27440E+04
    0.18127E-01    0.27336E+04
    0.18493E-01    0.27219E+04
    0.18867E-01    0.27092E+04
    0.19248E-01    0.26953E+04
    0.19637E-01    0.26800E+04
    0.20034E-01    0.26631E+04
    0.20438E-01    0.26445E+04
    0.20851E-01    0.26240E+04
    0.21272E-01    0.26017E+04
    0.21702E-01    0.25780E+04
    0.22141E-01    0.25530E+04
    0.22588E-01    0.25270E+04
    0.23044E-01    0.25002E+04
    0.23510E-01    0.24726E+04
    0.23985E-01    0.24441E+04
    0.24469E-01    0.24148E+04
    0.24964E-01    0.23847E+04
    0.25468E-01    0.23538E+04
    0.25982E-01    0.23220E+04
    0.26507E-01    0.22893E+04
    0.27043E-01    0.22557E+04
    0.27589E-01    0.22212E+04
    0.28146E-01    0.21857E+04
    0.28715E-01    0.21495E+04
    0.29295E-01    0.21125E+04
    0.29887E-01    0.20750E+04
    0.30490E-01    0.20371E+04
    0.31106E-01    0.19988E+04
    0.31735E-01    0.19603E+04
    0.32376E-01    0.19218E+04
    0.33030E-01    0.18835E+04
    0.33697E-01    0.18454E+04
    0.34378E-01    0.18077E+04
    0.35072E-01    0.17704E+04
    0.35781E-01    0.17337E+04
    0.36504E-01    0.16976E+04
    0.37241E-01    0.16622E+04
    0.37993E-01    0.16276E+04
    0.38761E-01    0.15938E+04
    0.39544E-01    0.15608E+04
    0.40343E-01    0.15287E+04
    0.41158E-01    0.14977E+04
    0.41989E-01    0.14676E+04
    0.42838E-01    0.14387E+04
    0.43703E-01    0.14110E+04
    0.44586E-01    0.13847E+04
    0.45486E-01    0.13597E+04
    0.46405E-01    0.13362E+04
    0.47343E-01    0.13139E+04
    0.48299E-01    0.12928E+04
    0.49275E-01    0.12727E+04
    0.50270E-01    0.12536E+04
    0.51286E-01    0.12354E+04
    0.52322E-01    0.12180E+04
    0.53379E-01    0.12013E+04
    0.54457E-01    0.11852E+04
    0.55557E-01    0.11696E+04
    0.56680E-01    0.11542E+04
    0.57825E-01    0.11389E+04
    0.58993E-01    0.11235E+04
    0.60184E-01    0.11080E+04
    0.61400E-01    0.10921E+04
    0.62641E-01    0.10757E+04
    0.63906E-01    0.10585E+04
    0.65197E-01    0.10404E+04
    0.66514E-01    0.10211E+04
    0.67858E-01    0.10008E+04
    0.69229E-01    0.97971E+03
    0.70627E-01    0.95812E+03
    0.72054E-01    0.93568E+03
    0.73510E-01    0.91181E+03
    0.74994E-01    0.88614E+03
    0.76509E-01    0.85903E+03
    0.78055E-01    0.83106E+03
    0.79632E-01    0.80267E+03
    0.81241E-01    0.77407E+03
    0.82882E-01    0.74542E+03
    0.84556E-01    0.71700E+03
    0.86264E-01    0.68914E+03
    0.88007E-01    0.66214E+03
    0.89785E-01    0.63631E+03
    0.91598E-01    0.61190E+03
    0.93449E-01    0.58914E+03
    0.95337E-01    0.56821E+03
    0.97263E-01    0.54926E+03
    0.99227E-01    0.53233E+03
    0.10123E+00    0.51738E+03
    0.10328E+00    0.50435E+03
    0.10536E+00    0.49302E+03
    0.10749E+00    0.48316E+03
    0.10966E+00    0.47448E+03
    0.11188E+00    0.46663E+03
    0.11414E+00    0.45924E+03
    0.11644E+00    0.45191E+03
    0.11880E+00    0.44426E+03
    0.12120E+00    0.43594E+03
    0.12365E+00    0.42662E+03
    0.12614E+00    0.41612E+03
    0.12869E+00    0.40433E+03
    0.13129E+00    0.39131E+03
    0.13394E+00    0.37720E+03
    0.13665E+00    0.36224E+03
    0.13941E+00    0.34675E+03
    0.14223E+00    0.33112E+03
    0.14510E+00    0.31573E+03
    0.14803E+00    0.30105E+03
    0.15102E+00    0.28747E+03
    0.15407E+00    0.27535E+03
    0.15718E+00    0.26485E+03
    0.16036E+00    0.25602E+03
    0.16360E+00    0.24866E+03
    0.16690E+00    0.24253E+03
    0.17028E+00    0.23728E+03
    0.17371E+00    0.23256E+03
    0.17722E+00    0.22797E+03
    0.18080E+00    0.22309E+03
    0.18446E+00    0.21757E+03
    0.18818E+00    0.21115E+03
    0.19198E+00    0.20380E+03
    0.19586E+00    0.19569E+03
    0.19982E+00    0.18714E+03
    0.20386E+00    0.17851E+03
    0.20797E+00    0.17018E+03
    0.21218E+00    0.16246E+03
    0.21646E+00    0.15564E+03
    0.22083E+00    0.14983E+03
    0.22530E+00    0.14499E+03
    0.22985E+00    0.14093E+03
    0.23449E+00    0.13733E+03
    0.23923E+00    0.13387E+03
    0.24406E+00    0.13022E+03
    0.24899E+00    0.12615E+03
    0.25402E+00    0.12161E+03
    0.25915E+00    0.11670E+03
    0.26439E+00    0.11165E+03
    0.26973E+00    0.10671E+03
    0.27518E+00    0.10212E+03
    0.28074E+00    0.98057E+02
    0.28641E+00    0.94557E+02
    0.29219E+00    0.91518E+02
    0.29810E+00    0.88740E+02
    0.30412E+00    0.86011E+02
    0.31026E+00    0.83167E+02
    0.31653E+00    0.80134E+02
    0.32292E+00    0.76949E+02
    0.32945E+00    0.73757E+02
    0.33610E+00    0.70719E+02
    0.34289E+00    0.67936E+02
    0.34982E+00    0.65437E+02
    0.35689E+00    0.63179E+02
    0.36409E+00    0.61047E+02
    0.37145E+00    0.58925E+02
    0.37895E+00    0.56760E+02
    0.38661E+00    0.54561E+02
    0.39442E+00    0.52395E+02
    0.40239E+00    0.50340E+02
    0.41052E+00    0.48434E+02
    0.41881E+00    0.46670E+02
    0.42727E+00    0.45000E+02
    0.43590E+00    0.43367E+02
    0.44471E+00    0.41746E+02
    0.45369E+00    0.40144E+02
    0.46286E+00    0.38599E+02
    0.47221E+00    0.37136E+02
    0.48174E+00    0.35757E+02
    0.49148E+00    0.34445E+02
    0.50141E+00    0.33170E+02
    0.51153E+00    0.31927E+02
    0.52187E+00    0.30718E+02
    0.53241E+00    0.29560E+02
    0.54317E+00    0.28456E+02
    0.55414E+00    0.27399E+02
    0.56533E+00    0.26380E+02
    0.57675E+00    0.25397E+02
    0.58840E+00    0.24451E+02
    0.60029E+00    0.23542E+02
    0.61242E+00    0.22667E+02
    0.62479E+00    0.21827E+02
    0.63741E+00    0.21019E+02
    0.65029E+00    0.20243E+02
    0.66342E+00    0.19497E+02
    0.67683E+00    0.18780E+02
    0.69050E+00    0.18090E+02
    0.70445E+00    0.17427E+02
    0.71868E+00    0.16790E+02
    0.73320E+00    0.16178E+02
    0.74801E+00    0.15589E+02
    0.76312E+00    0.15023E+02
    0.77854E+00    0.14479E+02
    0.79426E+00    0.13956E+02
    0.81031E+00    0.13453E+02
    0.82668E+00    0.12970E+02
    0.84338E+00    0.12505E+02
    0.86041E+00    0.12058E+02
    0.87780E+00    0.11629E+02
    0.89553E+00    0.11217E+02
    0.91362E+00    0.10820E+02
    0.93208E+00    0.10439E+02
    0.95091E+00    0.10073E+02
    0.97011E+00    0.97205E+01
    0.98971E+00    0.93819E+01
    0.10097E+01    0.90564E+01
    0.10301E+01    0.87434E+01
    0.10509E+01    0.84424E+01
    0.10721E+01    0.81530E+01
    0.10938E+01    0.78747E+01
    0.11159E+01    0.76070E+01
    0.11384E+01    0.73496E+01
    0.11614E+01    0.71019E+01
    0.11849E+01    0.68637E+01
    0.12088E+01    0.66345E+01
    0.12333E+01    0.64140E+01
    0.12582E+01    0.62018E+01
    0.12836E+01    0.59976E+01
    0.13095E+01    0.58011E+01
    0.13360E+01    0.56119E+01
    0.13630E+01    0.54298E+01
    0.13905E+01    0.52544E+01
    0.14186E+01    0.50856E+01
    0.14472E+01    0.49229E+01
    0.14765E+01    0.47663E+01
    0.15063E+01    0.46154E+01
    0.15367E+01    0.44700E+01
    0.15678E+01    0.43299E+01
    0.15994E+01    0.41949E+01
    0.16318E+01    0.40647E+01
    0.16647E+01    0.39392E+01
    0.16984E+01    0.38182E+01
    0.17327E+01    0.37015E+01
    0.17677E+01    0.35890E+01
    0.18034E+01    0.34803E+01
    0.18398E+01    0.33755E+01
    0.18770E+01    0.32744E+01
    0.19149E+01    0.31767E+01
    0.19536E+01    0.30824E+01
    0.19930E+01    0.29914E+01
    0.20333E+01    0.29034E+01
    0.20744E+01    0.28185E+01
    0.21163E+01    0.27364E+01
    0.21590E+01    0.26570E+01
    0.22026E+01    0.25803E+01
    0.22471E+01    0.25061E+01
    0.22925E+01    0.24343E+01
    0.23388E+01    0.23649E+01
    0.23861E+01    0.22978E+01
    0.24343E+01    0.22327E+01
    0.24835E+01    0.21698E+01
    0.25336E+01    0.21089E+01
    0.25848E+01    0.20499E+01
    0.26370E+01    0.19927E+01
    0.26903E+01    0.19374E+01
    0.27447E+01    0.18837E+01
    0.28001E+01    0.18317E+01
    0.28567E+01    0.17812E+01
    0.29144E+01    0.17323E+01
    0.29733E+01    0.16848E+01
    0.30333E+01    0.16388E+01
    0.30946E+01    0.15941E+01
    0.31571E+01    0.15508E+01
    0.32209E+01    0.15086E+01
    0.32860E+01    0.14678E+01
    0.33523E+01    0.14280E+01
    0.34201E+01    0.13894E+01
    0.34892E+01    0.13519E+01
    0.35596E+01    0.13155E+01
    0.36316E+01    0.12801E+01
    0.37049E+01    0.12456E+01
    0.37798E+01    0.12121E+01
    0.38561E+01    0.11795E+01
    0.39340E+01    0.11478E+01
    0.40135E+01    0.11170E+01
    0.40946E+01    0.10870E+01
    0.41773E+01    0.10577E+01
    0.42617E+01    0.10293E+01
    0.43478E+01    0.10016E+01
    0.44356E+01    0.97460E+00
    0.45252E+01    0.94832E+00
    0.46166E+01    0.92272E+00
    0.47099E+01    0.89777E+00
    0.48050E+01    0.87346E+00
    0.49021E+01    0.84977E+00
    0.50011E+01    0.82667E+00
    0.51021E+01    0.80416E+00
    0.52052E+01    0.78221E+00
    0.53104E+01    0.76082E+00
    0.54176E+01    0.73995E+00
    0.55271E+01    0.71960E+00
    0.56387E+01    0.69975E+00
    0.57526E+01    0.68039E+00
    0.58689E+01    0.66151E+00
    0.59874E+01    0.64309E+00
    0.61084E+01    0.62513E+00
    0.62318E+01    0.60760E+00
    0.63577E+01    0.59050E+00
    0.64861E+01    0.57381E+00
    0.66171E+01    0.55753E+00
    0.67508E+01    0.54165E+00
    0.68872E+01    0.52616E+00
    0.70263E+01    0.51104E+00
    0.71682E+01    0.49629E+00
    0.73130E+01    0.48190E+00
    0.74608E+01    0.46787E+00
    0.76115E+01    0.45417E+00
    0.77653E+01    0.44081E+00
    0.79221E+01    0.42778E+00
    0.80822E+01    0.41507E+00
    0.82454E+01    0.40268E+00
    0.84120E+01    0.39059E+00
    0.85819E+01    0.37880E+00
    0.87553E+01    0.36731E+00
    0.89322E+01    0.35611E+00
    0.91126E+01    0.34518E+00
    0.92967E+01    0.33454E+00
    0.94845E+01    0.32416E+00
    0.96761E+01    0.31405E+00
    0.98716E+01    0.30420E+00
    0.10071E+02    0.29460E+00
    0.10274E+02    0.28525E+00
    0.10482E+02    0.27615E+00
    0.10694E+02    0.26728E+00
    0.10910E+02    0.25865E+00
    0.11130E+02    0.25025E+00
    0.11355E+02    0.24208E+00
    0.11584E+02    0.23413E+00
    0.11818E+02    0.22639E+00
    0.12057E+02    0.21886E+00
    0.12301E+02    0.21154E+00
    0.12549E+02    0.20443E+00
    0.12803E+02    0.19751E+00
    0.13061E+02    0.19079E+00
    0.13325E+02    0.18426E+00
    0.13594E+02    0.17792E+00
    0.13869E+02    0.17176E+00
    0.14149E+02    0.16578E+00
    0.14435E+02    0.15998E+00
    0.14727E+02    0.15434E+00
    0.15024E+02    0.14888E+00
    0.15328E+02    0.14357E+00
    0.15637E+02    0.13843E+00
    0.15953E+02    0.13345E+00
    0.16275E+02    0.12862E+00
    0.16604E+02    0.12394E+00
    0.16940E+02    0.11940E+00
    0.17282E+02    0.11501E+00
    0.17631E+02    0.11075E+00
    0.17987E+02    0.10664E+00
    0.18351E+02    0.10265E+00
    0.18721E+02    0.98794E-01
    0.19099E+02    0.95064E-01
    0.19485E+02    0.91456E-01
    0.19879E+02    0.87969E-01
    0.20280E+02    0.84597E-01
    0.20690E+02    0.81339E-01
    0.21108E+02    0.78192E-01
    0.21535E+02    0.75152E-01
    0.21970E+02    0.72216E-01
    0.22413E+02    0.69382E-01
    0.22866E+02    0.66646E-01
    0.23328E+02    0.64007E-01
    0.23799E+02    0.61460E-01
    0.24280E+02    0.59004E-01
    0.24771E+02    0.56636E-01
    0.25271E+02    0.54353E-01
    0.25782E+02    0.52153E-01
    0.26302E+02    0.50034E-01
    0.26834E+02    0.47991E-01
    0.27376E+02    0.46025E-01
    0.27929E+02    0.44131E-01
    0.28493E+02    0.42308E-01
    0.29069E+02    0.40554E-01
    0.29656E+02    0.38866E-01
    0.30255E+02    0.37242E-01
    0.30866E+02    0.35680E-01
    0.31490E+02    0.34178E-01
    0.32126E+02    0.32735E-01
    0.32775E+02    0.31347E-01
    0.33437E+02    0.30014E-01
    0.34112E+02    0.28733E-01
    0.34801E+02    0.27502E-01
    0.35504E+02    0.26321E-01
    0.36222E+02    0.25186E-01
    0.36953E+02    0.24098E-01
    0.37700E+02    0.23053E-01
    0.38462E+02    0.22051E-01
    0.39239E+02    0.21090E-01
    0.40031E+02    0.20168E-01
    0.40840E+02    0.19284E-01
    0.41665E+02    0.18436E-01
    0.42507E+02    0.17624E-01
    0.43365E+02    0.16845E-01
    0.44241E+02    0.16099E-01
    0.45135E+02    0.15384E-01
    0.46047E+02    0.14698E-01
    0.46977E+02    0.14042E-01
    0.47926E+02    0.13413E-01
    0.48894E+02    0.12811E-01
    0.49882E+02    0.12234E-01
    0.50890E+02    0.11682E-01
    0.51918E+02    0.11154E-01
    0.52966E+02    0.10649E-01
    0.54036E+02    0.10166E-01
    0.55128E+02    0.97049E-02
    0.56242E+02    0.92639E-02
    0.57378E+02    0.88426E-02
    0.58537E+02    0.84403E-02
