    0.10000E-03    0.13023E+03
    0.10202E-03    0.13275E+03
    0.10408E-03    0.13532E+03
    0.10618E-03    0.13794E+03
    0.10833E-03    0.14062E+03
    0.11052E-03    0.14334E+03
    0.11275E-03    0.14612E+03
    0.11503E-03    0.14895E+03
    0.11735E-03    0.15183E+03
    0.11972E-03    0.15477E+03
    0.12214E-03    0.15777E+03
    0.12461E-03    0.16083E+03
    0.12712E-03    0.16394E+03
    0.12969E-03    0.16712E+03
    0.13231E-03    0.17036E+03
    0.13499E-03    0.17366E+03
    0.13771E-03    0.17702E+03
    0.14049E-03    0.18045E+03
    0.14333E-03    0.18394E+03
    0.14623E-03    0.18750E+03
    0.14918E-03    0.19113E+03
    0.15220E-03    0.19483E+03
    0.15527E-03    0.19861E+03
    0.15841E-03    0.20245E+03
    0.16161E-03    0.20637E+03
    0.16487E-03    0.21037E+03
    0.16820E-03    0.21444E+03
    0.17160E-03    0.21859E+03
    0.17507E-03    0.22282E+03
    0.17860E-03    0.22713E+03
    0.18221E-03    0.23153E+03
    0.18589E-03    0.23601E+03
    0.18965E-03    0.24058E+03
    0.19348E-03    0.24523E+03
    0.19739E-03    0.24998E+03
    0.20138E-03    0.25481E+03
    0.20544E-03    0.25974E+03
    0.20959E-03    0.26477E+03
    0.21383E-03    0.26989E+03
    0.21815E-03    0.27511E+03
    0.22255E-03    0.28043E+03
    0.22705E-03    0.28585E+03
    0.23164E-03    0.29137E+03
    0.23632E-03    0.29701E+03
    0.24109E-03    0.30275E+03
    0.24596E-03    0.30860E+03
    0.25093E-03    0.31456E+03
    0.25600E-03    0.32064E+03
    0.26117E-03    0.32683E+03
    0.26645E-03    0.33315E+03
    0.27183E-03    0.33958E+03
    0.27732E-03    0.34614E+03
    0.28292E-03    0.35282E+03
    0.28864E-03    0.35963E+03
    0.29447E-03    0.36658E+03
    0.30042E-03    0.37365E+03
    0.30649E-03    0.38086E+03
    0.31268E-03    0.38821E+03
    0.31899E-03    0.39569E+03
    0.32544E-03    0.40333E+03
    0.33201E-03    0.41110E+03
    0.33872E-03    0.41903E+03
    0.34556E-03    0.42710E+03
    0.35254E-03    0.43533E+03
    0.35966E-03    0.44372E+03
    0.36693E-03    0.45226E+03
    0.37434E-03    0.46097E+03
    0.38190E-03    0.46984E+03
    0.38962E-03    0.47888E+03
    0.39749E-03    0.48809E+03
    0.40552E-03    0.49748E+03
    0.41371E-03    0.50704E+03
    0.42207E-03    0.51679E+03
    0.43060E-03    0.52672E+03
    0.43929E-03    0.53683E+03
    0.44817E-03    0.54714E+03
    0.45722E-03    0.55764E+03
    0.46646E-03    0.56834E+03
    0.47588E-03    0.57924E+03
    0.48550E-03    0.59034E+03
    0.49530E-03    0.60165E+03
    0.50531E-03    0.61317E+03
    0.51552E-03    0.62491E+03
    0.52593E-03    0.63687E+03
    0.53656E-03    0.64905E+03
    0.54739E-03    0.66146E+03
    0.55845E-03    0.67409E+03
    0.56973E-03    0.68697E+03
    0.58124E-03    0.70008E+03
    0.59299E-03    0.71343E+03
    0.60496E-03    0.72703E+03
    0.61719E-03    0.74088E+03
    0.62965E-03    0.75498E+03
    0.64237E-03    0.76935E+03
    0.65535E-03    0.78397E+03
    0.66859E-03    0.79887E+03
    0.68210E-03    0.81404E+03
    0.69588E-03    0.82948E+03
    0.70993E-03    0.84520E+03
    0.72427E-03    0.86121E+03
    0.73891E-03    0.87751E+03
    0.75383E-03    0.89411E+03
    0.76906E-03    0.91100E+03
    0.78460E-03    0.92820E+03
    0.80045E-03    0.94570E+03
    0.81662E-03    0.96352E+03
    0.83311E-03    0.98166E+03
    0.84994E-03    0.10001E+04
    0.86711E-03    0.10189E+04
    0.88463E-03    0.10380E+04
    0.90250E-03    0.10575E+04
    0.92073E-03    0.10773E+04
    0.93933E-03    0.10974E+04
    0.95831E-03    0.11179E+04
    0.97767E-03    0.11388E+04
    0.99742E-03    0.11600E+04
    0.10176E-02    0.11816E+04
    0.10381E-02    0.12036E+04
    0.10591E-02    0.12259E+04
    0.10805E-02    0.12486E+04
    0.11023E-02    0.12717E+04
    0.11246E-02    0.12953E+04
    0.11473E-02    0.13192E+04
    0.11705E-02    0.13435E+04
    0.11941E-02    0.13682E+04
    0.12182E-02    0.13933E+04
    0.12429E-02    0.14189E+04
    0.12680E-02    0.14449E+04
    0.12936E-02    0.14713E+04
    0.13197E-02    0.14981E+04
    0.13464E-02    0.15254E+04
    0.13736E-02    0.15531E+04
    0.14013E-02    0.15813E+04
    0.14296E-02    0.16099E+04
    0.14585E-02    0.16390E+04
    0.14880E-02    0.16686E+04
    0.15180E-02    0.16986E+04
    0.15487E-02    0.17291E+04
    0.15800E-02    0.17601E+04
    0.16119E-02    0.17916E+04
    0.16445E-02    0.18236E+04
    0.16777E-02    0.18560E+04
    0.17116E-02    0.18890E+04
    0.17462E-02    0.19224E+04
    0.17814E-02    0.19564E+04
    0.18174E-02    0.19908E+04
    0.18541E-02    0.20258E+04
    0.18916E-02    0.20613E+04
    0.19298E-02    0.20973E+04
    0.19688E-02    0.21338E+04
    0.20086E-02    0.21709E+04
    0.20491E-02    0.22085E+04
    0.20905E-02    0.22466E+04
    0.21328E-02    0.22852E+04
    0.21758E-02    0.23244E+04
    0.22198E-02    0.23641E+04
    0.22646E-02    0.24044E+04
    0.23104E-02    0.24452E+04
    0.23571E-02    0.24865E+04
    0.24047E-02    0.25284E+04
    0.24533E-02    0.25708E+04
    0.25028E-02    0.26138E+04
    0.25534E-02    0.26573E+04
    0.26050E-02    0.27014E+04
    0.26576E-02    0.27460E+04
    0.27113E-02    0.27911E+04
    0.27660E-02    0.28368E+04
    0.28219E-02    0.28830E+04
    0.28789E-02    0.29297E+04
    0.29371E-02    0.29770E+04
    0.29964E-02    0.30248E+04
    0.30569E-02    0.30731E+04
    0.31187E-02    0.31219E+04
    0.31817E-02    0.31712E+04
    0.32460E-02    0.32211E+04
    0.33115E-02    0.32715E+04
    0.33784E-02    0.33223E+04
    0.34467E-02    0.33737E+04
    0.35163E-02    0.34255E+04
    0.35874E-02    0.34778E+04
    0.36598E-02    0.35306E+04
    0.37338E-02    0.35838E+04
    0.38092E-02    0.36374E+04
    0.38861E-02    0.36915E+04
    0.39646E-02    0.37460E+04
    0.40447E-02    0.38009E+04
    0.41264E-02    0.38562E+04
    0.42098E-02    0.39120E+04
    0.42948E-02    0.39682E+04
    0.43816E-02    0.40247E+04
    0.44701E-02    0.40815E+04
    0.45604E-02    0.41385E+04
    0.46525E-02    0.41955E+04
    0.47465E-02    0.42526E+04
    0.48424E-02    0.43098E+04
    0.49402E-02    0.43671E+04
    0.50400E-02    0.44248E+04
    0.51419E-02    0.44828E+04
    0.52457E-02    0.45412E+04
    0.53517E-02    0.45999E+04
    0.54598E-02    0.46589E+04
    0.55701E-02    0.47180E+04
    0.56826E-02    0.47771E+04
    0.57974E-02    0.48362E+04
    0.59145E-02    0.48953E+04
    0.60340E-02    0.49542E+04
    0.61559E-02    0.50131E+04
    0.62803E-02    0.50719E+04
    0.64072E-02    0.51306E+04
    0.65366E-02    0.51892E+04
    0.66686E-02    0.52475E+04
    0.68033E-02    0.53056E+04
    0.69408E-02    0.53634E+04
    0.70810E-02    0.54208E+04
    0.72240E-02    0.54779E+04
    0.73700E-02    0.55345E+04
    0.75189E-02    0.55907E+04
    0.76708E-02    0.56464E+04
    0.78257E-02    0.57015E+04
    0.79838E-02    0.57560E+04
    0.81451E-02    0.58098E+04
    0.83096E-02    0.58629E+04
    0.84775E-02    0.59153E+04
    0.86488E-02    0.59668E+04
    0.88235E-02    0.60175E+04
    0.90017E-02    0.60672E+04
    0.91836E-02    0.61159E+04
    0.93691E-02    0.61635E+04
    0.95583E-02    0.62100E+04
    0.97514E-02    0.62553E+04
    0.99484E-02    0.62994E+04
    0.10149E-01    0.63422E+04
    0.10354E-01    0.63835E+04
    0.10564E-01    0.64235E+04
    0.10777E-01    0.64619E+04
    0.10995E-01    0.64987E+04
    0.11217E-01    0.65338E+04
    0.11443E-01    0.65671E+04
    0.11675E-01    0.65986E+04
    0.11910E-01    0.66283E+04
    0.12151E-01    0.66560E+04
    0.12397E-01    0.66818E+04
    0.12647E-01    0.67056E+04
    0.12902E-01    0.67273E+04
    0.13163E-01    0.67466E+04
    0.13429E-01    0.67634E+04
    0.13700E-01    0.67774E+04
    0.13977E-01    0.67885E+04
    0.14259E-01    0.67970E+04
    0.14547E-01    0.68031E+04
    0.14841E-01    0.68074E+04
    0.15141E-01    0.68102E+04
    0.15447E-01    0.68119E+04
    0.15759E-01    0.68121E+04
    0.16077E-01    0.68098E+04
    0.16402E-01    0.68043E+04
    0.16734E-01    0.67949E+04
    0.17072E-01    0.67808E+04
    0.17416E-01    0.67623E+04
    0.17768E-01    0.67398E+04
    0.18127E-01    0.67139E+04
    0.18493E-01    0.66850E+04
    0.18867E-01    0.66535E+04
    0.19248E-01    0.66191E+04
    0.19637E-01    0.65813E+04
    0.20034E-01    0.65396E+04
    0.20438E-01    0.64937E+04
    0.20851E-01    0.64431E+04
    0.21272E-01    0.63882E+04
    0.21702E-01    0.63297E+04
    0.22141E-01    0.62682E+04
    0.22588E-01    0.62041E+04
    0.23044E-01    0.61380E+04
    0.23510E-01    0.60699E+04
    0.23985E-01    0.59999E+04
    0.24469E-01    0.59278E+04
    0.24964E-01    0.58537E+04
    0.25468E-01    0.57776E+04
    0.25982E-01    0.56993E+04
    0.26507E-01    0.56189E+04
    0.27043E-01    0.55363E+04
    0.27589E-01    0.54514E+04
    0.28146E-01    0.53643E+04
    0.28715E-01    0.52752E+04
    0.29295E-01    0.51845E+04
    0.29887E-01    0.50923E+04
    0.30490E-01    0.49991E+04
    0.31106E-01    0.49051E+04
    0.31735E-01    0.48107E+04
    0.32376E-01    0.47162E+04
    0.33030E-01    0.46221E+04
    0.33697E-01    0.45286E+04
    0.34378E-01    0.44361E+04
    0.35072E-01    0.43447E+04
    0.35781E-01    0.42547E+04
    0.36504E-01    0.41663E+04
    0.37241E-01    0.40795E+04
    0.37993E-01    0.39945E+04
    0.38761E-01    0.39116E+04
    0.39544E-01    0.38308E+04
    0.40343E-01    0.37523E+04
    0.41158E-01    0.36761E+04
    0.41989E-01    0.36025E+04
    0.42838E-01    0.35317E+04
    0.43703E-01    0.34638E+04
    0.44586E-01    0.33993E+04
    0.45486E-01    0.33381E+04
    0.46405E-01    0.32803E+04
    0.47343E-01    0.32257E+04
    0.48299E-01    0.31739E+04
    0.49275E-01    0.31247E+04
    0.50270E-01    0.30778E+04
    0.51286E-01    0.30331E+04
    0.52322E-01    0.29903E+04
    0.53379E-01    0.29493E+04
    0.54457E-01    0.29097E+04
    0.55557E-01    0.28712E+04
    0.56680E-01    0.28333E+04
    0.57825E-01    0.27956E+04
    0.58993E-01    0.27578E+04
    0.60184E-01    0.27194E+04
    0.61400E-01    0.26802E+04
    0.62641E-01    0.26399E+04
    0.63906E-01    0.25977E+04
    0.65197E-01    0.25532E+04
    0.66514E-01    0.25058E+04
    0.67858E-01    0.24560E+04
    0.69229E-01    0.24044E+04
    0.70627E-01    0.23515E+04
    0.72054E-01    0.22966E+04
    0.73510E-01    0.22383E+04
    0.74994E-01    0.21757E+04
    0.76509E-01    0.21097E+04
    0.78055E-01    0.20417E+04
    0.79632E-01    0.19727E+04
    0.81241E-01    0.19032E+04
    0.82882E-01    0.18337E+04
    0.84556E-01    0.17648E+04
    0.86264E-01    0.16973E+04
    0.88007E-01    0.16319E+04
    0.89785E-01    0.15693E+04
    0.91598E-01    0.15102E+04
    0.93449E-01    0.14550E+04
    0.95337E-01    0.14043E+04
    0.97263E-01    0.13583E+04
    0.99227E-01    0.13172E+04
    0.10123E+00    0.12808E+04
    0.10328E+00    0.12489E+04
    0.10536E+00    0.12212E+04
    0.10749E+00    0.11969E+04
    0.10966E+00    0.11754E+04
    0.11188E+00    0.11559E+04
    0.11414E+00    0.11375E+04
    0.11644E+00    0.11192E+04
    0.11880E+00    0.11001E+04
    0.12120E+00    0.10795E+04
    0.12365E+00    0.10565E+04
    0.12614E+00    0.10308E+04
    0.12869E+00    0.10020E+04
    0.13129E+00    0.97043E+03
    0.13394E+00    0.93630E+03
    0.13665E+00    0.90026E+03
    0.13941E+00    0.86303E+03
    0.14223E+00    0.82549E+03
    0.14510E+00    0.78860E+03
    0.14803E+00    0.75339E+03
    0.15102E+00    0.72081E+03
    0.15407E+00    0.69167E+03
    0.15718E+00    0.66635E+03
    0.16036E+00    0.64491E+03
    0.16360E+00    0.62693E+03
    0.16690E+00    0.61181E+03
    0.17028E+00    0.59874E+03
    0.17371E+00    0.58689E+03
    0.17722E+00    0.57535E+03
    0.18080E+00    0.56317E+03
    0.18446E+00    0.54951E+03
    0.18818E+00    0.53382E+03
    0.19198E+00    0.51601E+03
    0.19586E+00    0.49652E+03
    0.19982E+00    0.47606E+03
    0.20386E+00    0.45547E+03
    0.20797E+00    0.43558E+03
    0.21218E+00    0.41715E+03
    0.21646E+00    0.40077E+03
    0.22083E+00    0.38673E+03
    0.22530E+00    0.37492E+03
    0.22985E+00    0.36488E+03
    0.23449E+00    0.35592E+03
    0.23923E+00    0.34727E+03
    0.24406E+00    0.33821E+03
    0.24899E+00    0.32824E+03
    0.25402E+00    0.31723E+03
    0.25915E+00    0.30542E+03
    0.26439E+00    0.29332E+03
    0.26973E+00    0.28150E+03
    0.27518E+00    0.27051E+03
    0.28074E+00    0.26071E+03
    0.28641E+00    0.25218E+03
    0.29219E+00    0.24469E+03
    0.29810E+00    0.23780E+03
    0.30412E+00    0.23103E+03
    0.31026E+00    0.22403E+03
    0.31653E+00    0.21663E+03
    0.32292E+00    0.20892E+03
    0.32945E+00    0.20122E+03
    0.33610E+00    0.19388E+03
    0.34289E+00    0.18712E+03
    0.34982E+00    0.18100E+03
    0.35689E+00    0.17542E+03
    0.36409E+00    0.17012E+03
    0.37145E+00    0.16487E+03
    0.37895E+00    0.15954E+03
    0.38661E+00    0.15416E+03
    0.39442E+00    0.14887E+03
    0.40239E+00    0.14383E+03
    0.41052E+00    0.13913E+03
    0.41881E+00    0.13474E+03
    0.42727E+00    0.13057E+03
    0.43590E+00    0.12650E+03
    0.44471E+00    0.12247E+03
    0.45369E+00    0.11849E+03
    0.46286E+00    0.11465E+03
    0.47221E+00    0.11099E+03
    0.48174E+00    0.10753E+03
    0.49148E+00    0.10422E+03
    0.50141E+00    0.10100E+03
    0.51153E+00    0.97858E+02
    0.52187E+00    0.94802E+02
    0.53241E+00    0.91863E+02
    0.54317E+00    0.89051E+02
    0.55414E+00    0.86346E+02
    0.56533E+00    0.83730E+02
    0.57675E+00    0.81201E+02
    0.58840E+00    0.78758E+02
    0.60029E+00    0.76401E+02
    0.61242E+00    0.74126E+02
    0.62479E+00    0.71931E+02
    0.63741E+00    0.69812E+02
    0.65029E+00    0.67766E+02
    0.66342E+00    0.65791E+02
    0.67683E+00    0.63884E+02
    0.69050E+00    0.62042E+02
    0.70445E+00    0.60262E+02
    0.71868E+00    0.58542E+02
    0.73320E+00    0.56881E+02
    0.74801E+00    0.55274E+02
    0.76312E+00    0.53721E+02
    0.77854E+00    0.52220E+02
    0.79426E+00    0.50768E+02
    0.81031E+00    0.49363E+02
    0.82668E+00    0.48004E+02
    0.84338E+00    0.46689E+02
    0.86041E+00    0.45417E+02
    0.87780E+00    0.44186E+02
    0.89553E+00    0.42993E+02
    0.91362E+00    0.41839E+02
    0.93208E+00    0.40721E+02
    0.95091E+00    0.39638E+02
    0.97011E+00    0.38588E+02
    0.98971E+00    0.37571E+02
    0.10097E+01    0.36585E+02
    0.10301E+01    0.35629E+02
    0.10509E+01    0.34701E+02
    0.10721E+01    0.33801E+02
    0.10938E+01    0.32928E+02
    0.11159E+01    0.32081E+02
    0.11384E+01    0.31258E+02
    0.11614E+01    0.30459E+02
    0.11849E+01    0.29683E+02
    0.12088E+01    0.28929E+02
    0.12333E+01    0.28196E+02
    0.12582E+01    0.27484E+02
    0.12836E+01    0.26791E+02
    0.13095E+01    0.26117E+02
    0.13360E+01    0.25462E+02
    0.13630E+01    0.24824E+02
    0.13905E+01    0.24204E+02
    0.14186E+01    0.23600E+02
    0.14472E+01    0.23012E+02
    0.14765E+01    0.22439E+02
    0.15063E+01    0.21881E+02
    0.15367E+01    0.21337E+02
    0.15678E+01    0.20807E+02
    0.15994E+01    0.20290E+02
    0.16318E+01    0.19787E+02
    0.16647E+01    0.19295E+02
    0.16984E+01    0.18816E+02
    0.17327E+01    0.18349E+02
    0.17677E+01    0.17893E+02
    0.18034E+01    0.17447E+02
    0.18398E+01    0.17013E+02
    0.18770E+01    0.16589E+02
    0.19149E+01    0.16174E+02
    0.19536E+01    0.15770E+02
    0.19930E+01    0.15375E+02
    0.20333E+01    0.14989E+02
    0.20744E+01    0.14611E+02
    0.21163E+01    0.14243E+02
    0.21590E+01    0.13883E+02
    0.22026E+01    0.13531E+02
    0.22471E+01    0.13187E+02
    0.22925E+01    0.12850E+02
    0.23388E+01    0.12522E+02
    0.23861E+01    0.12200E+02
    0.24343E+01    0.11886E+02
    0.24835E+01    0.11578E+02
    0.25336E+01    0.11278E+02
    0.25848E+01    0.10984E+02
    0.26370E+01    0.10696E+02
    0.26903E+01    0.10415E+02
    0.27447E+01    0.10140E+02
    0.28001E+01    0.98715E+01
    0.28567E+01    0.96085E+01
    0.29144E+01    0.93514E+01
    0.29733E+01    0.90999E+01
    0.30333E+01    0.88539E+01
    0.30946E+01    0.86134E+01
    0.31571E+01    0.83782E+01
    0.32209E+01    0.81482E+01
    0.32860E+01    0.79233E+01
    0.33523E+01    0.77034E+01
    0.34201E+01    0.74885E+01
    0.34892E+01    0.72784E+01
    0.35596E+01    0.70730E+01
    0.36316E+01    0.68723E+01
    0.37049E+01    0.66761E+01
    0.37798E+01    0.64844E+01
    0.38561E+01    0.62972E+01
    0.39340E+01    0.61142E+01
    0.40135E+01    0.59355E+01
    0.40946E+01    0.57610E+01
    0.41773E+01    0.55905E+01
    0.42617E+01    0.54241E+01
    0.43478E+01    0.52617E+01
    0.44356E+01    0.51031E+01
    0.45252E+01    0.49483E+01
    0.46166E+01    0.47974E+01
    0.47099E+01    0.46501E+01
    0.48050E+01    0.45064E+01
    0.49021E+01    0.43663E+01
    0.50011E+01    0.42297E+01
    0.51021E+01    0.40965E+01
    0.52052E+01    0.39667E+01
    0.53104E+01    0.38402E+01
    0.54176E+01    0.37170E+01
    0.55271E+01    0.35970E+01
    0.56387E+01    0.34802E+01
    0.57526E+01    0.33664E+01
    0.58689E+01    0.32556E+01
    0.59874E+01    0.31478E+01
    0.61084E+01    0.30430E+01
    0.62318E+01    0.29410E+01
    0.63577E+01    0.28418E+01
    0.64861E+01    0.27453E+01
    0.66171E+01    0.26516E+01
    0.67508E+01    0.25605E+01
    0.68872E+01    0.24720E+01
    0.70263E+01    0.23860E+01
    0.71682E+01    0.23025E+01
    0.73130E+01    0.22215E+01
    0.74608E+01    0.21429E+01
    0.76115E+01    0.20665E+01
    0.77653E+01    0.19925E+01
    0.79221E+01    0.19207E+01
    0.80822E+01    0.18511E+01
    0.82454E+01    0.17837E+01
    0.84120E+01    0.17183E+01
    0.85819E+01    0.16550E+01
    0.87553E+01    0.15936E+01
    0.89322E+01    0.15343E+01
    0.91126E+01    0.14768E+01
    0.92967E+01    0.14212E+01
    0.94845E+01    0.13674E+01
    0.96761E+01    0.13154E+01
    0.98716E+01    0.12651E+01
    0.10071E+02    0.12164E+01
    0.10274E+02    0.11695E+01
    0.10482E+02    0.11241E+01
    0.10694E+02    0.10802E+01
    0.10910E+02    0.10379E+01
    0.11130E+02    0.99705E+00
    0.11355E+02    0.95763E+00
    0.11584E+02    0.91960E+00
    0.11818E+02    0.88292E+00
    0.12057E+02    0.84755E+00
    0.12301E+02    0.81345E+00
    0.12549E+02    0.78060E+00
    0.12803E+02    0.74894E+00
    0.13061E+02    0.71844E+00
    0.13325E+02    0.68908E+00
    0.13594E+02    0.66080E+00
    0.13869E+02    0.63359E+00
    0.14149E+02    0.60740E+00
    0.14435E+02    0.58221E+00
    0.14727E+02    0.55797E+00
    0.15024E+02    0.53467E+00
    0.15328E+02    0.51226E+00
    0.15637E+02    0.49072E+00
    0.15953E+02    0.47003E+00
    0.16275E+02    0.45014E+00
    0.16604E+02    0.43104E+00
    0.16940E+02    0.41269E+00
    0.17282E+02    0.39507E+00
    0.17631E+02    0.37816E+00
    0.17987E+02    0.36192E+00
    0.18351E+02    0.34634E+00
    0.18721E+02    0.33140E+00
    0.19099E+02    0.31705E+00
    0.19485E+02    0.30330E+00
    0.19879E+02    0.29011E+00
    0.20280E+02    0.27746E+00
    0.20690E+02    0.26534E+00
    0.21108E+02    0.25372E+00
    0.21535E+02    0.24258E+00
    0.21970E+02    0.23191E+00
    0.22413E+02    0.22168E+00
    0.22866E+02    0.21189E+00
    0.23328E+02    0.20251E+00
    0.23799E+02    0.19353E+00
    0.24280E+02    0.18492E+00
    0.24771E+02    0.17669E+00
    0.25271E+02    0.16881E+00
    0.25782E+02    0.16126E+00
    0.26302E+02    0.15405E+00
    0.26834E+02    0.14714E+00
    0.27376E+02    0.14053E+00
    0.27929E+02    0.13421E+00
    0.28493E+02    0.12816E+00
    0.29069E+02    0.12238E+00
    0.29656E+02    0.11685E+00
    0.30255E+02    0.11156E+00
    0.30866E+02    0.10650E+00
    0.31490E+02    0.10167E+00
    0.32126E+02    0.97045E-01
    0.32775E+02    0.92628E-01
    0.33437E+02    0.88407E-01
    0.34112E+02    0.84374E-01
    0.34801E+02    0.80519E-01
    0.35504E+02    0.76837E-01
    0.36222E+02    0.73319E-01
    0.36953E+02    0.69958E-01
    0.37700E+02    0.66748E-01
    0.38462E+02    0.63682E-01
    0.39239E+02    0.60754E-01
    0.40031E+02    0.57958E-01
    0.40840E+02    0.55288E-01
    0.41665E+02    0.52739E-01
    0.42507E+02    0.50305E-01
    0.43365E+02    0.47981E-01
    0.44241E+02    0.45762E-01
    0.45135E+02    0.43644E-01
    0.46047E+02    0.41623E-01
    0.46977E+02    0.39693E-01
    0.47926E+02    0.37851E-01
    0.48894E+02    0.36093E-01
    0.49882E+02    0.34415E-01
    0.50890E+02    0.32814E-01
    0.51918E+02    0.31286E-01
    0.52966E+02    0.29829E-01
    0.54036E+02    0.28439E-01
    0.55128E+02    0.27113E-01
    0.56242E+02    0.25848E-01
    0.57378E+02    0.24642E-01
    0.58537E+02    0.23493E-01
