    0.10000E-03    0.76967E+02
    0.10202E-03    0.78459E+02
    0.10408E-03    0.79979E+02
    0.10618E-03    0.81528E+02
    0.10833E-03    0.83108E+02
    0.11052E-03    0.84718E+02
    0.11275E-03    0.86359E+02
    0.11503E-03    0.88033E+02
    0.11735E-03    0.89738E+02
    0.11972E-03    0.91476E+02
    0.12214E-03    0.93248E+02
    0.12461E-03    0.95055E+02
    0.12712E-03    0.96896E+02
    0.12969E-03    0.98773E+02
    0.13231E-03    0.10069E+03
    0.13499E-03    0.10264E+03
    0.13771E-03    0.10462E+03
    0.14049E-03    0.10665E+03
    0.14333E-03    0.10872E+03
    0.14623E-03    0.11082E+03
    0.14918E-03    0.11297E+03
    0.15220E-03    0.11515E+03
    0.15527E-03    0.11738E+03
    0.15841E-03    0.11966E+03
    0.16161E-03    0.12197E+03
    0.16487E-03    0.12434E+03
    0.16820E-03    0.12674E+03
    0.17160E-03    0.12920E+03
    0.17507E-03    0.13170E+03
    0.17860E-03    0.13425E+03
    0.18221E-03    0.13684E+03
    0.18589E-03    0.13949E+03
    0.18965E-03    0.14219E+03
    0.19348E-03    0.14494E+03
    0.19739E-03    0.14775E+03
    0.20138E-03    0.15061E+03
    0.20544E-03    0.15352E+03
    0.20959E-03    0.15649E+03
    0.21383E-03    0.15952E+03
    0.21815E-03    0.16260E+03
    0.22255E-03    0.16575E+03
    0.22705E-03    0.16895E+03
    0.23164E-03    0.17222E+03
    0.23632E-03    0.17555E+03
    0.24109E-03    0.17894E+03
    0.24596E-03    0.18240E+03
    0.25093E-03    0.18593E+03
    0.25600E-03    0.18952E+03
    0.26117E-03    0.19318E+03
    0.26645E-03    0.19692E+03
    0.27183E-03    0.20072E+03
    0.27732E-03    0.20460E+03
    0.28292E-03    0.20855E+03
    0.28864E-03    0.21258E+03
    0.29447E-03    0.21668E+03
    0.30042E-03    0.22086E+03
    0.30649E-03    0.22513E+03
    0.31268E-03    0.22947E+03
    0.31899E-03    0.23390E+03
    0.32544E-03    0.23841E+03
    0.33201E-03    0.24301E+03
    0.33872E-03    0.24769E+03
    0.34556E-03    0.25247E+03
    0.35254E-03    0.25733E+03
    0.35966E-03    0.26229E+03
    0.36693E-03    0.26735E+03
    0.37434E-03    0.27250E+03
    0.38190E-03    0.27774E+03
    0.38962E-03    0.28309E+03
    0.39749E-03    0.28854E+03
    0.40552E-03    0.29409E+03
    0.41371E-03    0.29974E+03
    0.42207E-03    0.30551E+03
    0.43060E-03    0.31138E+03
    0.43929E-03    0.31736E+03
    0.44817E-03    0.32346E+03
    0.45722E-03    0.32967E+03
    0.46646E-03    0.33600E+03
    0.47588E-03    0.34245E+03
    0.48550E-03    0.34901E+03
    0.49530E-03    0.35571E+03
    0.50531E-03    0.36252E+03
    0.51552E-03    0.36947E+03
    0.52593E-03    0.37654E+03
    0.53656E-03    0.38375E+03
    0.54739E-03    0.39109E+03
    0.55845E-03    0.39856E+03
    0.56973E-03    0.40618E+03
    0.58124E-03    0.41394E+03
    0.59299E-03    0.42184E+03
    0.60496E-03    0.42989E+03
    0.61719E-03    0.43808E+03
    0.62965E-03    0.44643E+03
    0.64237E-03    0.45493E+03
    0.65535E-03    0.46358E+03
    0.66859E-03    0.47240E+03
    0.68210E-03    0.48138E+03
    0.69588E-03    0.49052E+03
    0.70993E-03    0.49982E+03
    0.72427E-03    0.50930E+03
    0.73891E-03    0.51895E+03
    0.75383E-03    0.52877E+03
    0.76906E-03    0.53877E+03
    0.78460E-03    0.54895E+03
    0.80045E-03    0.55931E+03
    0.81662E-03    0.56986E+03
    0.83311E-03    0.58059E+03
    0.84994E-03    0.59152E+03
    0.86711E-03    0.60265E+03
    0.88463E-03    0.61397E+03
    0.90250E-03    0.62548E+03
    0.92073E-03    0.63721E+03
    0.93933E-03    0.64914E+03
    0.95831E-03    0.66127E+03
    0.97767E-03    0.67362E+03
    0.99742E-03    0.68619E+03
    0.10176E-02    0.69897E+03
    0.10381E-02    0.71197E+03
    0.10591E-02    0.72520E+03
    0.10805E-02    0.73865E+03
    0.11023E-02    0.75234E+03
    0.11246E-02    0.76626E+03
    0.11473E-02    0.78041E+03
    0.11705E-02    0.79480E+03
    0.11941E-02    0.80944E+03
    0.12182E-02    0.82432E+03
    0.12429E-02    0.83945E+03
    0.12680E-02    0.85483E+03
    0.12936E-02    0.87046E+03
    0.13197E-02    0.88635E+03
    0.13464E-02    0.90251E+03
    0.13736E-02    0.91892E+03
    0.14013E-02    0.93560E+03
    0.14296E-02    0.95256E+03
    0.14585E-02    0.96978E+03
    0.14880E-02    0.98728E+03
    0.15180E-02    0.10051E+04
    0.15487E-02    0.10231E+04
    0.15800E-02    0.10415E+04
    0.16119E-02    0.10601E+04
    0.16445E-02    0.10790E+04
    0.16777E-02    0.10982E+04
    0.17116E-02    0.11177E+04
    0.17462E-02    0.11375E+04
    0.17814E-02    0.11576E+04
    0.18174E-02    0.11780E+04
    0.18541E-02    0.11987E+04
    0.18916E-02    0.12197E+04
    0.19298E-02    0.12410E+04
    0.19688E-02    0.12627E+04
    0.20086E-02    0.12846E+04
    0.20491E-02    0.13068E+04
    0.20905E-02    0.13294E+04
    0.21328E-02    0.13523E+04
    0.21758E-02    0.13755E+04
    0.22198E-02    0.13990E+04
    0.22646E-02    0.14228E+04
    0.23104E-02    0.14470E+04
    0.23571E-02    0.14714E+04
    0.24047E-02    0.14962E+04
    0.24533E-02    0.15213E+04
    0.25028E-02    0.15468E+04
    0.25534E-02    0.15725E+04
    0.26050E-02    0.15986E+04
    0.26576E-02    0.16250E+04
    0.27113E-02    0.16517E+04
    0.27660E-02    0.16787E+04
    0.28219E-02    0.17061E+04
    0.28789E-02    0.17337E+04
    0.29371E-02    0.17617E+04
    0.29964E-02    0.17900E+04
    0.30569E-02    0.18186E+04
    0.31187E-02    0.18475E+04
    0.31817E-02    0.18767E+04
    0.32460E-02    0.19062E+04
    0.33115E-02    0.19360E+04
    0.33784E-02    0.19661E+04
    0.34467E-02    0.19965E+04
    0.35163E-02    0.20272E+04
    0.35874E-02    0.20581E+04
    0.36598E-02    0.20893E+04
    0.37338E-02    0.21208E+04
    0.38092E-02    0.21526E+04
    0.38861E-02    0.21846E+04
    0.39646E-02    0.22169E+04
    0.40447E-02    0.22494E+04
    0.41264E-02    0.22821E+04
    0.42098E-02    0.23151E+04
    0.42948E-02    0.23483E+04
    0.43816E-02    0.23817E+04
    0.44701E-02    0.24153E+04
    0.45604E-02    0.24491E+04
    0.46525E-02    0.24829E+04
    0.47465E-02    0.25169E+04
    0.48424E-02    0.25509E+04
    0.49402E-02    0.25851E+04
    0.50400E-02    0.26194E+04
    0.51419E-02    0.26539E+04
    0.52457E-02    0.26885E+04
    0.53517E-02    0.27233E+04
    0.54598E-02    0.27582E+04
    0.55701E-02    0.27932E+04
    0.56826E-02    0.28282E+04
    0.57974E-02    0.28632E+04
    0.59145E-02    0.28982E+04
    0.60340E-02    0.29331E+04
    0.61559E-02    0.29680E+04
    0.62803E-02    0.30029E+04
    0.64072E-02    0.30377E+04
    0.65366E-02    0.30723E+04
    0.66686E-02    0.31069E+04
    0.68033E-02    0.31413E+04
    0.69408E-02    0.31756E+04
    0.70810E-02    0.32096E+04
    0.72240E-02    0.32434E+04
    0.73700E-02    0.32770E+04
    0.75189E-02    0.33103E+04
    0.76708E-02    0.33433E+04
    0.78257E-02    0.33760E+04
    0.79838E-02    0.34083E+04
    0.81451E-02    0.34402E+04
    0.83096E-02    0.34717E+04
    0.84775E-02    0.35027E+04
    0.86488E-02    0.35333E+04
    0.88235E-02    0.35633E+04
    0.90017E-02    0.35928E+04
    0.91836E-02    0.36217E+04
    0.93691E-02    0.36499E+04
    0.95583E-02    0.36775E+04
    0.97514E-02    0.37044E+04
    0.99484E-02    0.37305E+04
    0.10149E-01    0.37559E+04
    0.10354E-01    0.37805E+04
    0.10564E-01    0.38042E+04
    0.10777E-01    0.38270E+04
    0.10995E-01    0.38488E+04
    0.11217E-01    0.38697E+04
    0.11443E-01    0.38895E+04
    0.11675E-01    0.39082E+04
    0.11910E-01    0.39258E+04
    0.12151E-01    0.39423E+04
    0.12397E-01    0.39577E+04
    0.12647E-01    0.39718E+04
    0.12902E-01    0.39847E+04
    0.13163E-01    0.39963E+04
    0.13429E-01    0.40063E+04
    0.13700E-01    0.40147E+04
    0.13977E-01    0.40213E+04
    0.14259E-01    0.40264E+04
    0.14547E-01    0.40301E+04
    0.14841E-01    0.40327E+04
    0.15141E-01    0.40345E+04
    0.15447E-01    0.40356E+04
    0.15759E-01    0.40357E+04
    0.16077E-01    0.40345E+04
    0.16402E-01    0.40313E+04
    0.16734E-01    0.40258E+04
    0.17072E-01    0.40176E+04
    0.17416E-01    0.40067E+04
    0.17768E-01    0.39935E+04
    0.18127E-01    0.39782E+04
    0.18493E-01    0.39612E+04
    0.18867E-01    0.39426E+04
    0.19248E-01    0.39223E+04
    0.19637E-01    0.39000E+04
    0.20034E-01    0.38754E+04
    0.20438E-01    0.38483E+04
    0.20851E-01    0.38184E+04
    0.21272E-01    0.37860E+04
    0.21702E-01    0.37514E+04
    0.22141E-01    0.37150E+04
    0.22588E-01    0.36772E+04
    0.23044E-01    0.36381E+04
    0.23510E-01    0.35978E+04
    0.23985E-01    0.35563E+04
    0.24469E-01    0.35137E+04
    0.24964E-01    0.34698E+04
    0.25468E-01    0.34248E+04
    0.25982E-01    0.33785E+04
    0.26507E-01    0.33309E+04
    0.27043E-01    0.32820E+04
    0.27589E-01    0.32317E+04
    0.28146E-01    0.31801E+04
    0.28715E-01    0.31274E+04
    0.29295E-01    0.30736E+04
    0.29887E-01    0.30190E+04
    0.30490E-01    0.29638E+04
    0.31106E-01    0.29080E+04
    0.31735E-01    0.28521E+04
    0.32376E-01    0.27961E+04
    0.33030E-01    0.27403E+04
    0.33697E-01    0.26849E+04
    0.34378E-01    0.26300E+04
    0.35072E-01    0.25758E+04
    0.35781E-01    0.25224E+04
    0.36504E-01    0.24699E+04
    0.37241E-01    0.24185E+04
    0.37993E-01    0.23681E+04
    0.38761E-01    0.23189E+04
    0.39544E-01    0.22709E+04
    0.40343E-01    0.22243E+04
    0.41158E-01    0.21791E+04
    0.41989E-01    0.21354E+04
    0.42838E-01    0.20934E+04
    0.43703E-01    0.20531E+04
    0.44586E-01    0.20148E+04
    0.45486E-01    0.19785E+04
    0.46405E-01    0.19443E+04
    0.47343E-01    0.19118E+04
    0.48299E-01    0.18811E+04
    0.49275E-01    0.18520E+04
    0.50270E-01    0.18242E+04
    0.51286E-01    0.17977E+04
    0.52322E-01    0.17724E+04
    0.53379E-01    0.17481E+04
    0.54457E-01    0.17247E+04
    0.55557E-01    0.17019E+04
    0.56680E-01    0.16795E+04
    0.57825E-01    0.16572E+04
    0.58993E-01    0.16348E+04
    0.60184E-01    0.16122E+04
    0.61400E-01    0.15890E+04
    0.62641E-01    0.15651E+04
    0.63906E-01    0.15402E+04
    0.65197E-01    0.15138E+04
    0.66514E-01    0.14858E+04
    0.67858E-01    0.14562E+04
    0.69229E-01    0.14256E+04
    0.70627E-01    0.13942E+04
    0.72054E-01    0.13616E+04
    0.73510E-01    0.13269E+04
    0.74994E-01    0.12897E+04
    0.76509E-01    0.12503E+04
    0.78055E-01    0.12097E+04
    0.79632E-01    0.11686E+04
    0.81241E-01    0.11271E+04
    0.82882E-01    0.10856E+04
    0.84556E-01    0.10444E+04
    0.86264E-01    0.10040E+04
    0.88007E-01    0.96490E+03
    0.89785E-01    0.92748E+03
    0.91598E-01    0.89212E+03
    0.93449E-01    0.85914E+03
    0.95337E-01    0.82881E+03
    0.97263E-01    0.80134E+03
    0.99227E-01    0.77680E+03
    0.10123E+00    0.75511E+03
    0.10328E+00    0.73619E+03
    0.10536E+00    0.71972E+03
    0.10749E+00    0.70537E+03
    0.10966E+00    0.69271E+03
    0.11188E+00    0.68124E+03
    0.11414E+00    0.67044E+03
    0.11644E+00    0.65972E+03
    0.11880E+00    0.64854E+03
    0.12120E+00    0.63639E+03
    0.12365E+00    0.62281E+03
    0.12614E+00    0.60754E+03
    0.12869E+00    0.59043E+03
    0.13129E+00    0.57154E+03
    0.13394E+00    0.55111E+03
    0.13665E+00    0.52947E+03
    0.13941E+00    0.50709E+03
    0.14223E+00    0.48449E+03
    0.14510E+00    0.46227E+03
    0.14803E+00    0.44106E+03
    0.15102E+00    0.42145E+03
    0.15407E+00    0.40393E+03
    0.15718E+00    0.38874E+03
    0.16036E+00    0.37593E+03
    0.16360E+00    0.36524E+03
    0.16690E+00    0.35630E+03
    0.17028E+00    0.34862E+03
    0.17371E+00    0.34169E+03
    0.17722E+00    0.33495E+03
    0.18080E+00    0.32782E+03
    0.18446E+00    0.31975E+03
    0.18818E+00    0.31042E+03
    0.19198E+00    0.29976E+03
    0.19586E+00    0.28803E+03
    0.19982E+00    0.27569E+03
    0.20386E+00    0.26325E+03
    0.20797E+00    0.25122E+03
    0.21218E+00    0.24009E+03
    0.21646E+00    0.23023E+03
    0.22083E+00    0.22181E+03
    0.22530E+00    0.21478E+03
    0.22985E+00    0.20885E+03
    0.23449E+00    0.20359E+03
    0.23923E+00    0.19851E+03
    0.24406E+00    0.19317E+03
    0.24899E+00    0.18725E+03
    0.25402E+00    0.18066E+03
    0.25915E+00    0.17356E+03
    0.26439E+00    0.16626E+03
    0.26973E+00    0.15913E+03
    0.27518E+00    0.15250E+03
    0.28074E+00    0.14662E+03
    0.28641E+00    0.14153E+03
    0.29219E+00    0.13710E+03
    0.29810E+00    0.13303E+03
    0.30412E+00    0.12904E+03
    0.31026E+00    0.12490E+03
    0.31653E+00    0.12049E+03
    0.32292E+00    0.11587E+03
    0.32945E+00    0.11125E+03
    0.33610E+00    0.10685E+03
    0.34289E+00    0.10281E+03
    0.34982E+00    0.99171E+02
    0.35689E+00    0.95874E+02
    0.36409E+00    0.92755E+02
    0.37145E+00    0.89655E+02
    0.37895E+00    0.86498E+02
    0.38661E+00    0.83299E+02
    0.39442E+00    0.80149E+02
    0.40239E+00    0.77157E+02
    0.41052E+00    0.74377E+02
    0.41881E+00    0.71797E+02
    0.42727E+00    0.69351E+02
    0.43590E+00    0.66959E+02
    0.44471E+00    0.64588E+02
    0.45369E+00    0.62247E+02
    0.46286E+00    0.59987E+02
    0.47221E+00    0.57845E+02
    0.48174E+00    0.55821E+02
    0.49148E+00    0.53892E+02
    0.50141E+00    0.52019E+02
    0.51153E+00    0.50191E+02
    0.52187E+00    0.48414E+02
    0.53241E+00    0.46709E+02
    0.54317E+00    0.45083E+02
    0.55414E+00    0.43523E+02
    0.56533E+00    0.42017E+02
    0.57675E+00    0.40564E+02
    0.58840E+00    0.39164E+02
    0.60029E+00    0.37816E+02
    0.61242E+00    0.36519E+02
    0.62479E+00    0.35271E+02
    0.63741E+00    0.34069E+02
    0.65029E+00    0.32913E+02
    0.66342E+00    0.31800E+02
    0.67683E+00    0.30728E+02
    0.69050E+00    0.29697E+02
    0.70445E+00    0.28703E+02
    0.71868E+00    0.27747E+02
    0.73320E+00    0.26826E+02
    0.74801E+00    0.25939E+02
    0.76312E+00    0.25085E+02
    0.77854E+00    0.24262E+02
    0.79426E+00    0.23470E+02
    0.81031E+00    0.22706E+02
    0.82668E+00    0.21971E+02
    0.84338E+00    0.21263E+02
    0.86041E+00    0.20580E+02
    0.87780E+00    0.19923E+02
    0.89553E+00    0.19290E+02
    0.91362E+00    0.18679E+02
    0.93208E+00    0.18091E+02
    0.95091E+00    0.17524E+02
    0.97011E+00    0.16978E+02
    0.98971E+00    0.16451E+02
    0.10097E+01    0.15943E+02
    0.10301E+01    0.15454E+02
    0.10509E+01    0.14981E+02
    0.10721E+01    0.14525E+02
    0.10938E+01    0.14086E+02
    0.11159E+01    0.13662E+02
    0.11384E+01    0.13252E+02
    0.11614E+01    0.12857E+02
    0.11849E+01    0.12476E+02
    0.12088E+01    0.12108E+02
    0.12333E+01    0.11752E+02
    0.12582E+01    0.11409E+02
    0.12836E+01    0.11077E+02
    0.13095E+01    0.10756E+02
    0.13360E+01    0.10446E+02
    0.13630E+01    0.10147E+02
    0.13905E+01    0.98571E+01
    0.14186E+01    0.95771E+01
    0.14472E+01    0.93063E+01
    0.14765E+01    0.90442E+01
    0.15063E+01    0.87907E+01
    0.15367E+01    0.85453E+01
    0.15678E+01    0.83078E+01
    0.15994E+01    0.80778E+01
    0.16318E+01    0.78550E+01
    0.16647E+01    0.76393E+01
    0.16984E+01    0.74302E+01
    0.17327E+01    0.72276E+01
    0.17677E+01    0.70312E+01
    0.18034E+01    0.68408E+01
    0.18398E+01    0.66562E+01
    0.18770E+01    0.64770E+01
    0.19149E+01    0.63032E+01
    0.19536E+01    0.61346E+01
    0.19930E+01    0.59708E+01
    0.20333E+01    0.58119E+01
    0.20744E+01    0.56575E+01
    0.21163E+01    0.55076E+01
    0.21590E+01    0.53619E+01
    0.22026E+01    0.52203E+01
    0.22471E+01    0.50827E+01
    0.22925E+01    0.49490E+01
    0.23388E+01    0.48189E+01
    0.23861E+01    0.46923E+01
    0.24343E+01    0.45693E+01
    0.24835E+01    0.44495E+01
    0.25336E+01    0.43329E+01
    0.25848E+01    0.42195E+01
    0.26370E+01    0.41090E+01
    0.26903E+01    0.40015E+01
    0.27447E+01    0.38967E+01
    0.28001E+01    0.37946E+01
    0.28567E+01    0.36952E+01
    0.29144E+01    0.35983E+01
    0.29733E+01    0.35039E+01
    0.30333E+01    0.34118E+01
    0.30946E+01    0.33221E+01
    0.31571E+01    0.32346E+01
    0.32209E+01    0.31492E+01
    0.32860E+01    0.30660E+01
    0.33523E+01    0.29848E+01
    0.34201E+01    0.29056E+01
    0.34892E+01    0.28284E+01
    0.35596E+01    0.27529E+01
    0.36316E+01    0.26794E+01
    0.37049E+01    0.26076E+01
    0.37798E+01    0.25375E+01
    0.38561E+01    0.24690E+01
    0.39340E+01    0.24023E+01
    0.40135E+01    0.23371E+01
    0.40946E+01    0.22734E+01
    0.41773E+01    0.22113E+01
    0.42617E+01    0.21506E+01
    0.43478E+01    0.20913E+01
    0.44356E+01    0.20335E+01
    0.45252E+01    0.19770E+01
    0.46166E+01    0.19219E+01
    0.47099E+01    0.18680E+01
    0.48050E+01    0.18155E+01
    0.49021E+01    0.17641E+01
    0.50011E+01    0.17140E+01
    0.51021E+01    0.16651E+01
    0.52052E+01    0.16173E+01
    0.53104E+01    0.15707E+01
    0.54176E+01    0.15252E+01
    0.55271E+01    0.14807E+01
    0.56387E+01    0.14374E+01
    0.57526E+01    0.13951E+01
    0.58689E+01    0.13538E+01
    0.59874E+01    0.13135E+01
    0.61084E+01    0.12742E+01
    0.62318E+01    0.12358E+01
    0.63577E+01    0.11985E+01
    0.64861E+01    0.11620E+01
    0.66171E+01    0.11264E+01
    0.67508E+01    0.10917E+01
    0.68872E+01    0.10579E+01
    0.70263E+01    0.10250E+01
    0.71682E+01    0.99288E+00
    0.73130E+01    0.96159E+00
    0.74608E+01    0.93111E+00
    0.76115E+01    0.90143E+00
    0.77653E+01    0.87252E+00
    0.79221E+01    0.84437E+00
    0.80822E+01    0.81697E+00
    0.82454E+01    0.79030E+00
    0.84120E+01    0.76435E+00
    0.85819E+01    0.73910E+00
    0.87553E+01    0.71454E+00
    0.89322E+01    0.69066E+00
    0.91126E+01    0.66744E+00
    0.92967E+01    0.64487E+00
    0.94845E+01    0.62293E+00
    0.96761E+01    0.60162E+00
    0.98716E+01    0.58092E+00
    0.10071E+02    0.56081E+00
    0.10274E+02    0.54129E+00
    0.10482E+02    0.52234E+00
    0.10694E+02    0.50395E+00
    0.10910E+02    0.48610E+00
    0.11130E+02    0.46880E+00
    0.11355E+02    0.45201E+00
    0.11584E+02    0.43574E+00
    0.11818E+02    0.41996E+00
    0.12057E+02    0.40467E+00
    0.12301E+02    0.38986E+00
    0.12549E+02    0.37552E+00
    0.12803E+02    0.36163E+00
    0.13061E+02    0.34818E+00
    0.13325E+02    0.33516E+00
    0.13594E+02    0.32257E+00
    0.13869E+02    0.31038E+00
    0.14149E+02    0.29860E+00
    0.14435E+02    0.28720E+00
    0.14727E+02    0.27619E+00
    0.15024E+02    0.26555E+00
    0.15328E+02    0.25526E+00
    0.15637E+02    0.24533E+00
    0.15953E+02    0.23574E+00
    0.16275E+02    0.22648E+00
    0.16604E+02    0.21754E+00
    0.16940E+02    0.20892E+00
    0.17282E+02    0.20060E+00
    0.17631E+02    0.19257E+00
    0.17987E+02    0.18484E+00
    0.18351E+02    0.17738E+00
    0.18721E+02    0.17019E+00
    0.19099E+02    0.16327E+00
    0.19485E+02    0.15660E+00
    0.19879E+02    0.15017E+00
    0.20280E+02    0.14399E+00
    0.20690E+02    0.13803E+00
    0.21108E+02    0.13231E+00
    0.21535E+02    0.12680E+00
    0.21970E+02    0.12149E+00
    0.22413E+02    0.11640E+00
    0.22866E+02    0.11150E+00
    0.23328E+02    0.10679E+00
    0.23799E+02    0.10226E+00
    0.24280E+02    0.97909E-01
    0.24771E+02    0.93731E-01
    0.25271E+02    0.89719E-01
    0.25782E+02    0.85867E-01
    0.26302E+02    0.82169E-01
    0.26834E+02    0.78620E-01
    0.27376E+02    0.75214E-01
    0.27929E+02    0.71947E-01
    0.28493E+02    0.68813E-01
    0.29069E+02    0.65808E-01
    0.29656E+02    0.62926E-01
    0.30255E+02    0.60163E-01
    0.30866E+02    0.57515E-01
    0.31490E+02    0.54978E-01
    0.32126E+02    0.52546E-01
    0.32775E+02    0.50216E-01
    0.33437E+02    0.47985E-01
    0.34112E+02    0.45848E-01
    0.34801E+02    0.43802E-01
    0.35504E+02    0.41843E-01
    0.36222E+02    0.39968E-01
    0.36953E+02    0.38173E-01
    0.37700E+02    0.36456E-01
    0.38462E+02    0.34813E-01
    0.39239E+02    0.33241E-01
    0.40031E+02    0.31737E-01
    0.40840E+02    0.30300E-01
    0.41665E+02    0.28924E-01
    0.42507E+02    0.27609E-01
    0.43365E+02    0.26352E-01
    0.44241E+02    0.25150E-01
    0.45135E+02    0.24001E-01
    0.46047E+02    0.22903E-01
    0.46977E+02    0.21853E-01
    0.47926E+02    0.20849E-01
    0.48894E+02    0.19890E-01
    0.49882E+02    0.18974E-01
    0.50890E+02    0.18099E-01
    0.51918E+02    0.17263E-01
    0.52966E+02    0.16464E-01
    0.54036E+02    0.15702E-01
    0.55128E+02    0.14975E-01
    0.56242E+02    0.14281E-01
    0.57378E+02    0.13619E-01
    0.58537E+02    0.12987E-01
