    0.10000E-03    0.22046E+03
    0.10202E-03    0.22473E+03
    0.10408E-03    0.22908E+03
    0.10618E-03    0.23352E+03
    0.10833E-03    0.23804E+03
    0.11052E-03    0.24265E+03
    0.11275E-03    0.24735E+03
    0.11503E-03    0.25215E+03
    0.11735E-03    0.25703E+03
    0.11972E-03    0.26201E+03
    0.12214E-03    0.26708E+03
    0.12461E-03    0.27226E+03
    0.12712E-03    0.27753E+03
    0.12969E-03    0.28291E+03
    0.13231E-03    0.28839E+03
    0.13499E-03    0.29397E+03
    0.13771E-03    0.29966E+03
    0.14049E-03    0.30547E+03
    0.14333E-03    0.31138E+03
    0.14623E-03    0.31741E+03
    0.14918E-03    0.32356E+03
    0.15220E-03    0.32982E+03
    0.15527E-03    0.33621E+03
    0.15841E-03    0.34271E+03
    0.16161E-03    0.34935E+03
    0.16487E-03    0.35611E+03
    0.16820E-03    0.36300E+03
    0.17160E-03    0.37003E+03
    0.17507E-03    0.37719E+03
    0.17860E-03    0.38449E+03
    0.18221E-03    0.39193E+03
    0.18589E-03    0.39951E+03
    0.18965E-03    0.40724E+03
    0.19348E-03    0.41512E+03
    0.19739E-03    0.42315E+03
    0.20138E-03    0.43134E+03
    0.20544E-03    0.43968E+03
    0.20959E-03    0.44819E+03
    0.21383E-03    0.45685E+03
    0.21815E-03    0.46569E+03
    0.22255E-03    0.47469E+03
    0.22705E-03    0.48387E+03
    0.23164E-03    0.49322E+03
    0.23632E-03    0.50275E+03
    0.24109E-03    0.51247E+03
    0.24596E-03    0.52237E+03
    0.25093E-03    0.53246E+03
    0.25600E-03    0.54275E+03
    0.26117E-03    0.55323E+03
    0.26645E-03    0.56392E+03
    0.27183E-03    0.57481E+03
    0.27732E-03    0.58591E+03
    0.28292E-03    0.59722E+03
    0.28864E-03    0.60874E+03
    0.29447E-03    0.62049E+03
    0.30042E-03    0.63246E+03
    0.30649E-03    0.64466E+03
    0.31268E-03    0.65709E+03
    0.31899E-03    0.66976E+03
    0.32544E-03    0.68268E+03
    0.33201E-03    0.69583E+03
    0.33872E-03    0.70924E+03
    0.34556E-03    0.72291E+03
    0.35254E-03    0.73683E+03
    0.35966E-03    0.75102E+03
    0.36693E-03    0.76548E+03
    0.37434E-03    0.78021E+03
    0.38190E-03    0.79522E+03
    0.38962E-03    0.81052E+03
    0.39749E-03    0.82610E+03
    0.40552E-03    0.84198E+03
    0.41371E-03    0.85816E+03
    0.42207E-03    0.87465E+03
    0.43060E-03    0.89144E+03
    0.43929E-03    0.90856E+03
    0.44817E-03    0.92599E+03
    0.45722E-03    0.94375E+03
    0.46646E-03    0.96185E+03
    0.47588E-03    0.98029E+03
    0.48550E-03    0.99907E+03
    0.49530E-03    0.10182E+04
    0.50531E-03    0.10377E+04
    0.51552E-03    0.10575E+04
    0.52593E-03    0.10778E+04
    0.53656E-03    0.10984E+04
    0.54739E-03    0.11193E+04
    0.55845E-03    0.11407E+04
    0.56973E-03    0.11625E+04
    0.58124E-03    0.11847E+04
    0.59299E-03    0.12072E+04
    0.60496E-03    0.12302E+04
    0.61719E-03    0.12537E+04
    0.62965E-03    0.12775E+04
    0.64237E-03    0.13018E+04
    0.65535E-03    0.13265E+04
    0.66859E-03    0.13517E+04
    0.68210E-03    0.13774E+04
    0.69588E-03    0.14035E+04
    0.70993E-03    0.14301E+04
    0.72427E-03    0.14571E+04
    0.73891E-03    0.14847E+04
    0.75383E-03    0.15127E+04
    0.76906E-03    0.15413E+04
    0.78460E-03    0.15704E+04
    0.80045E-03    0.16000E+04
    0.81662E-03    0.16301E+04
    0.83311E-03    0.16608E+04
    0.84994E-03    0.16920E+04
    0.86711E-03    0.17237E+04
    0.88463E-03    0.17561E+04
    0.90250E-03    0.17890E+04
    0.92073E-03    0.18224E+04
    0.93933E-03    0.18565E+04
    0.95831E-03    0.18912E+04
    0.97767E-03    0.19264E+04
    0.99742E-03    0.19623E+04
    0.10176E-02    0.19988E+04
    0.10381E-02    0.20359E+04
    0.10591E-02    0.20737E+04
    0.10805E-02    0.21121E+04
    0.11023E-02    0.21512E+04
    0.11246E-02    0.21909E+04
    0.11473E-02    0.22314E+04
    0.11705E-02    0.22725E+04
    0.11941E-02    0.23143E+04
    0.12182E-02    0.23568E+04
    0.12429E-02    0.24000E+04
    0.12680E-02    0.24439E+04
    0.12936E-02    0.24885E+04
    0.13197E-02    0.25339E+04
    0.13464E-02    0.25801E+04
    0.13736E-02    0.26270E+04
    0.14013E-02    0.26746E+04
    0.14296E-02    0.27230E+04
    0.14585E-02    0.27722E+04
    0.14880E-02    0.28222E+04
    0.15180E-02    0.28730E+04
    0.15487E-02    0.29246E+04
    0.15800E-02    0.29770E+04
    0.16119E-02    0.30302E+04
    0.16445E-02    0.30842E+04
    0.16777E-02    0.31391E+04
    0.17116E-02    0.31948E+04
    0.17462E-02    0.32514E+04
    0.17814E-02    0.33088E+04
    0.18174E-02    0.33671E+04
    0.18541E-02    0.34262E+04
    0.18916E-02    0.34862E+04
    0.19298E-02    0.35471E+04
    0.19688E-02    0.36089E+04
    0.20086E-02    0.36716E+04
    0.20491E-02    0.37351E+04
    0.20905E-02    0.37996E+04
    0.21328E-02    0.38649E+04
    0.21758E-02    0.39312E+04
    0.22198E-02    0.39983E+04
    0.22646E-02    0.40664E+04
    0.23104E-02    0.41354E+04
    0.23571E-02    0.42053E+04
    0.24047E-02    0.42761E+04
    0.24533E-02    0.43479E+04
    0.25028E-02    0.44205E+04
    0.25534E-02    0.44941E+04
    0.26050E-02    0.45686E+04
    0.26576E-02    0.46440E+04
    0.27113E-02    0.47203E+04
    0.27660E-02    0.47975E+04
    0.28219E-02    0.48757E+04
    0.28789E-02    0.49547E+04
    0.29371E-02    0.50346E+04
    0.29964E-02    0.51155E+04
    0.30569E-02    0.51972E+04
    0.31187E-02    0.52797E+04
    0.31817E-02    0.53632E+04
    0.32460E-02    0.54475E+04
    0.33115E-02    0.55326E+04
    0.33784E-02    0.56186E+04
    0.34467E-02    0.57055E+04
    0.35163E-02    0.57931E+04
    0.35874E-02    0.58816E+04
    0.36598E-02    0.59708E+04
    0.37338E-02    0.60608E+04
    0.38092E-02    0.61515E+04
    0.38861E-02    0.62429E+04
    0.39646E-02    0.63350E+04
    0.40447E-02    0.64278E+04
    0.41264E-02    0.65214E+04
    0.42098E-02    0.66158E+04
    0.42948E-02    0.67110E+04
    0.43816E-02    0.68068E+04
    0.44701E-02    0.69029E+04
    0.45604E-02    0.69991E+04
    0.46525E-02    0.70951E+04
    0.47465E-02    0.71909E+04
    0.48424E-02    0.72866E+04
    0.49402E-02    0.73826E+04
    0.50400E-02    0.74791E+04
    0.51419E-02    0.75764E+04
    0.52457E-02    0.76748E+04
    0.53517E-02    0.77739E+04
    0.54598E-02    0.78736E+04
    0.55701E-02    0.79736E+04
    0.56826E-02    0.80736E+04
    0.57974E-02    0.81734E+04
    0.59145E-02    0.82731E+04
    0.60340E-02    0.83726E+04
    0.61559E-02    0.84719E+04
    0.62803E-02    0.85712E+04
    0.64072E-02    0.86702E+04
    0.65366E-02    0.87690E+04
    0.66686E-02    0.88674E+04
    0.68033E-02    0.89654E+04
    0.69408E-02    0.90630E+04
    0.70810E-02    0.91599E+04
    0.72240E-02    0.92562E+04
    0.73700E-02    0.93517E+04
    0.75189E-02    0.94465E+04
    0.76708E-02    0.95404E+04
    0.78257E-02    0.96333E+04
    0.79838E-02    0.97252E+04
    0.81451E-02    0.98160E+04
    0.83096E-02    0.99056E+04
    0.84775E-02    0.99938E+04
    0.86488E-02    0.10081E+05
    0.88235E-02    0.10166E+05
    0.90017E-02    0.10250E+05
    0.91836E-02    0.10332E+05
    0.93691E-02    0.10412E+05
    0.95583E-02    0.10490E+05
    0.97514E-02    0.10567E+05
    0.99484E-02    0.10641E+05
    0.10149E-01    0.10713E+05
    0.10354E-01    0.10783E+05
    0.10564E-01    0.10850E+05
    0.10777E-01    0.10914E+05
    0.10995E-01    0.10976E+05
    0.11217E-01    0.11035E+05
    0.11443E-01    0.11091E+05
    0.11675E-01    0.11144E+05
    0.11910E-01    0.11194E+05
    0.12151E-01    0.11240E+05
    0.12397E-01    0.11284E+05
    0.12647E-01    0.11324E+05
    0.12902E-01    0.11360E+05
    0.13163E-01    0.11392E+05
    0.13429E-01    0.11420E+05
    0.13700E-01    0.11443E+05
    0.13977E-01    0.11462E+05
    0.14259E-01    0.11476E+05
    0.14547E-01    0.11486E+05
    0.14841E-01    0.11492E+05
    0.15141E-01    0.11497E+05
    0.15447E-01    0.11499E+05
    0.15759E-01    0.11499E+05
    0.16077E-01    0.11495E+05
    0.16402E-01    0.11485E+05
    0.16734E-01    0.11469E+05
    0.17072E-01    0.11444E+05
    0.17416E-01    0.11413E+05
    0.17768E-01    0.11374E+05
    0.18127E-01    0.11330E+05
    0.18493E-01    0.11281E+05
    0.18867E-01    0.11227E+05
    0.19248E-01    0.11169E+05
    0.19637E-01    0.11104E+05
    0.20034E-01    0.11034E+05
    0.20438E-01    0.10955E+05
    0.20851E-01    0.10870E+05
    0.21272E-01    0.10777E+05
    0.21702E-01    0.10677E+05
    0.22141E-01    0.10573E+05
    0.22588E-01    0.10465E+05
    0.23044E-01    0.10353E+05
    0.23510E-01    0.10237E+05
    0.23985E-01    0.10119E+05
    0.24469E-01    0.99965E+04
    0.24964E-01    0.98711E+04
    0.25468E-01    0.97423E+04
    0.25982E-01    0.96099E+04
    0.26507E-01    0.94739E+04
    0.27043E-01    0.93342E+04
    0.27589E-01    0.91907E+04
    0.28146E-01    0.90434E+04
    0.28715E-01    0.88929E+04
    0.29295E-01    0.87395E+04
    0.29887E-01    0.85839E+04
    0.30490E-01    0.84264E+04
    0.31106E-01    0.82677E+04
    0.31735E-01    0.81083E+04
    0.32376E-01    0.79488E+04
    0.33030E-01    0.77900E+04
    0.33697E-01    0.76323E+04
    0.34378E-01    0.74762E+04
    0.35072E-01    0.73220E+04
    0.35781E-01    0.71702E+04
    0.36504E-01    0.70210E+04
    0.37241E-01    0.68747E+04
    0.37993E-01    0.67315E+04
    0.38761E-01    0.65917E+04
    0.39544E-01    0.64555E+04
    0.40343E-01    0.63231E+04
    0.41158E-01    0.61947E+04
    0.41989E-01    0.60706E+04
    0.42838E-01    0.59512E+04
    0.43703E-01    0.58369E+04
    0.44586E-01    0.57280E+04
    0.45486E-01    0.56249E+04
    0.46405E-01    0.55275E+04
    0.47343E-01    0.54353E+04
    0.48299E-01    0.53479E+04
    0.49275E-01    0.52648E+04
    0.50270E-01    0.51857E+04
    0.51286E-01    0.51102E+04
    0.52322E-01    0.50378E+04
    0.53379E-01    0.49684E+04
    0.54457E-01    0.49015E+04
    0.55557E-01    0.48363E+04
    0.56680E-01    0.47722E+04
    0.57825E-01    0.47084E+04
    0.58993E-01    0.46444E+04
    0.60184E-01    0.45794E+04
    0.61400E-01    0.45131E+04
    0.62641E-01    0.44449E+04
    0.63906E-01    0.43737E+04
    0.65197E-01    0.42985E+04
    0.66514E-01    0.42187E+04
    0.67858E-01    0.41347E+04
    0.69229E-01    0.40478E+04
    0.70627E-01    0.39589E+04
    0.72054E-01    0.38667E+04
    0.73510E-01    0.37689E+04
    0.74994E-01    0.36640E+04
    0.76509E-01    0.35536E+04
    0.78055E-01    0.34398E+04
    0.79632E-01    0.33245E+04
    0.81241E-01    0.32086E+04
    0.82882E-01    0.30926E+04
    0.84556E-01    0.29777E+04
    0.86264E-01    0.28651E+04
    0.88007E-01    0.27562E+04
    0.89785E-01    0.26519E+04
    0.91598E-01    0.25534E+04
    0.93449E-01    0.24616E+04
    0.95337E-01    0.23770E+04
    0.97263E-01    0.23004E+04
    0.99227E-01    0.22317E+04
    0.10123E+00    0.21709E+04
    0.10328E+00    0.21177E+04
    0.10536E+00    0.20711E+04
    0.10749E+00    0.20303E+04
    0.10966E+00    0.19940E+04
    0.11188E+00    0.19610E+04
    0.11414E+00    0.19298E+04
    0.11644E+00    0.18987E+04
    0.11880E+00    0.18665E+04
    0.12120E+00    0.18316E+04
    0.12365E+00    0.17930E+04
    0.12614E+00    0.17499E+04
    0.12869E+00    0.17019E+04
    0.13129E+00    0.16493E+04
    0.13394E+00    0.15927E+04
    0.13665E+00    0.15331E+04
    0.13941E+00    0.14715E+04
    0.14223E+00    0.14096E+04
    0.14510E+00    0.13487E+04
    0.14803E+00    0.12906E+04
    0.15102E+00    0.12369E+04
    0.15407E+00    0.11888E+04
    0.15718E+00    0.11469E+04
    0.16036E+00    0.11113E+04
    0.16360E+00    0.10813E+04
    0.16690E+00    0.10560E+04
    0.17028E+00    0.10339E+04
    0.17371E+00    0.10139E+04
    0.17722E+00    0.99434E+03
    0.18080E+00    0.97379E+03
    0.18446E+00    0.95088E+03
    0.18818E+00    0.92473E+03
    0.19198E+00    0.89524E+03
    0.19586E+00    0.86309E+03
    0.19982E+00    0.82943E+03
    0.20386E+00    0.79562E+03
    0.20797E+00    0.76297E+03
    0.21218E+00    0.73269E+03
    0.21646E+00    0.70572E+03
    0.22083E+00    0.68249E+03
    0.22530E+00    0.66284E+03
    0.22985E+00    0.64602E+03
    0.23449E+00    0.63093E+03
    0.23923E+00    0.61634E+03
    0.24406E+00    0.60112E+03
    0.24899E+00    0.58448E+03
    0.25402E+00    0.56623E+03
    0.25915E+00    0.54675E+03
    0.26439E+00    0.52684E+03
    0.26973E+00    0.50741E+03
    0.27518E+00    0.48930E+03
    0.28074E+00    0.47308E+03
    0.28641E+00    0.45888E+03
    0.29219E+00    0.44633E+03
    0.29810E+00    0.43473E+03
    0.30412E+00    0.42334E+03
    0.31026E+00    0.41160E+03
    0.31653E+00    0.39926E+03
    0.32292E+00    0.38647E+03
    0.32945E+00    0.37371E+03
    0.33610E+00    0.36152E+03
    0.34289E+00    0.35026E+03
    0.34982E+00    0.34000E+03
    0.35689E+00    0.33059E+03
    0.36409E+00    0.32164E+03
    0.37145E+00    0.31276E+03
    0.37895E+00    0.30379E+03
    0.38661E+00    0.29474E+03
    0.39442E+00    0.28586E+03
    0.40239E+00    0.27738E+03
    0.41052E+00    0.26942E+03
    0.41881E+00    0.26197E+03
    0.42727E+00    0.25486E+03
    0.43590E+00    0.24790E+03
    0.44471E+00    0.24102E+03
    0.45369E+00    0.23424E+03
    0.46286E+00    0.22767E+03
    0.47221E+00    0.22140E+03
    0.48174E+00    0.21543E+03
    0.49148E+00    0.20970E+03
    0.50141E+00    0.20412E+03
    0.51153E+00    0.19867E+03
    0.52187E+00    0.19335E+03
    0.53241E+00    0.18823E+03
    0.54317E+00    0.18330E+03
    0.55414E+00    0.17854E+03
    0.56533E+00    0.17393E+03
    0.57675E+00    0.16945E+03
    0.58840E+00    0.16511E+03
    0.60029E+00    0.16090E+03
    0.61242E+00    0.15683E+03
    0.62479E+00    0.15288E+03
    0.63741E+00    0.14906E+03
    0.65029E+00    0.14535E+03
    0.66342E+00    0.14175E+03
    0.67683E+00    0.13826E+03
    0.69050E+00    0.13487E+03
    0.70445E+00    0.13158E+03
    0.71868E+00    0.12839E+03
    0.73320E+00    0.12528E+03
    0.74801E+00    0.12227E+03
    0.76312E+00    0.11934E+03
    0.77854E+00    0.11649E+03
    0.79426E+00    0.11372E+03
    0.81031E+00    0.11103E+03
    0.82668E+00    0.10841E+03
    0.84338E+00    0.10586E+03
    0.86041E+00    0.10337E+03
    0.87780E+00    0.10096E+03
    0.89553E+00    0.98601E+02
    0.91362E+00    0.96306E+02
    0.93208E+00    0.94069E+02
    0.95091E+00    0.91889E+02
    0.97011E+00    0.89762E+02
    0.98971E+00    0.87688E+02
    0.10097E+01    0.85664E+02
    0.10301E+01    0.83689E+02
    0.10509E+01    0.81760E+02
    0.10721E+01    0.79877E+02
    0.10938E+01    0.78038E+02
    0.11159E+01    0.76240E+02
    0.11384E+01    0.74484E+02
    0.11614E+01    0.72767E+02
    0.11849E+01    0.71089E+02
    0.12088E+01    0.69448E+02
    0.12333E+01    0.67842E+02
    0.12582E+01    0.66271E+02
    0.12836E+01    0.64734E+02
    0.13095E+01    0.63230E+02
    0.13360E+01    0.61758E+02
    0.13630E+01    0.60316E+02
    0.13905E+01    0.58904E+02
    0.14186E+01    0.57522E+02
    0.14472E+01    0.56167E+02
    0.14765E+01    0.54841E+02
    0.15063E+01    0.53541E+02
    0.15367E+01    0.52268E+02
    0.15678E+01    0.51020E+02
    0.15994E+01    0.49797E+02
    0.16318E+01    0.48598E+02
    0.16647E+01    0.47423E+02
    0.16984E+01    0.46272E+02
    0.17327E+01    0.45143E+02
    0.17677E+01    0.44036E+02
    0.18034E+01    0.42951E+02
    0.18398E+01    0.41887E+02
    0.18770E+01    0.40845E+02
    0.19149E+01    0.39822E+02
    0.19536E+01    0.38820E+02
    0.19930E+01    0.37838E+02
    0.20333E+01    0.36875E+02
    0.20744E+01    0.35931E+02
    0.21163E+01    0.35005E+02
    0.21590E+01    0.34098E+02
    0.22026E+01    0.33209E+02
    0.22471E+01    0.32338E+02
    0.22925E+01    0.31484E+02
    0.23388E+01    0.30647E+02
    0.23861E+01    0.29828E+02
    0.24343E+01    0.29025E+02
    0.24835E+01    0.28238E+02
    0.25336E+01    0.27468E+02
    0.25848E+01    0.26714E+02
    0.26370E+01    0.25975E+02
    0.26903E+01    0.25252E+02
    0.27447E+01    0.24544E+02
    0.28001E+01    0.23851E+02
    0.28567E+01    0.23173E+02
    0.29144E+01    0.22510E+02
    0.29733E+01    0.21861E+02
    0.30333E+01    0.21227E+02
    0.30946E+01    0.20606E+02
    0.31571E+01    0.19999E+02
    0.32209E+01    0.19406E+02
    0.32860E+01    0.18827E+02
    0.33523E+01    0.18261E+02
    0.34201E+01    0.17708E+02
    0.34892E+01    0.17167E+02
    0.35596E+01    0.16640E+02
    0.36316E+01    0.16125E+02
    0.37049E+01    0.15622E+02
    0.37798E+01    0.15132E+02
    0.38561E+01    0.14654E+02
    0.39340E+01    0.14187E+02
    0.40135E+01    0.13733E+02
    0.40946E+01    0.13289E+02
    0.41773E+01    0.12857E+02
    0.42617E+01    0.12436E+02
    0.43478E+01    0.12027E+02
    0.44356E+01    0.11627E+02
    0.45252E+01    0.11239E+02
    0.46166E+01    0.10861E+02
    0.47099E+01    0.10493E+02
    0.48050E+01    0.10136E+02
    0.49021E+01    0.97879E+01
    0.50011E+01    0.94499E+01
    0.51021E+01    0.91215E+01
    0.52052E+01    0.88026E+01
    0.53104E+01    0.84928E+01
    0.54176E+01    0.81921E+01
    0.55271E+01    0.79003E+01
    0.56387E+01    0.76171E+01
    0.57526E+01    0.73425E+01
    0.58689E+01    0.70762E+01
    0.59874E+01    0.68182E+01
    0.61084E+01    0.65681E+01
    0.62318E+01    0.63259E+01
    0.63577E+01    0.60913E+01
    0.64861E+01    0.58642E+01
    0.66171E+01    0.56444E+01
    0.67508E+01    0.54318E+01
    0.68872E+01    0.52261E+01
    0.70263E+01    0.50272E+01
    0.71682E+01    0.48349E+01
    0.73130E+01    0.46491E+01
    0.74608E+01    0.44696E+01
    0.76115E+01    0.42963E+01
    0.77653E+01    0.41289E+01
    0.79221E+01    0.39673E+01
    0.80822E+01    0.38113E+01
    0.82454E+01    0.36609E+01
    0.84120E+01    0.35157E+01
    0.85819E+01    0.33758E+01
    0.87553E+01    0.32409E+01
    0.89322E+01    0.31108E+01
    0.91126E+01    0.29856E+01
    0.92967E+01    0.28649E+01
    0.94845E+01    0.27486E+01
    0.96761E+01    0.26367E+01
    0.98716E+01    0.25289E+01
    0.10071E+02    0.24252E+01
    0.10274E+02    0.23254E+01
    0.10482E+02    0.22294E+01
    0.10694E+02    0.21371E+01
    0.10910E+02    0.20483E+01
    0.11130E+02    0.19630E+01
    0.11355E+02    0.18809E+01
    0.11584E+02    0.18021E+01
    0.11818E+02    0.17263E+01
    0.12057E+02    0.16535E+01
    0.12301E+02    0.15836E+01
    0.12549E+02    0.15165E+01
    0.12803E+02    0.14521E+01
    0.13061E+02    0.13902E+01
    0.13325E+02    0.13308E+01
    0.13594E+02    0.12738E+01
    0.13869E+02    0.12192E+01
    0.14149E+02    0.11667E+01
    0.14435E+02    0.11164E+01
    0.14727E+02    0.10682E+01
    0.15024E+02    0.10219E+01
    0.15328E+02    0.97760E+00
    0.15637E+02    0.93509E+00
    0.15953E+02    0.89436E+00
    0.16275E+02    0.85532E+00
    0.16604E+02    0.81791E+00
    0.16940E+02    0.78208E+00
    0.17282E+02    0.74775E+00
    0.17631E+02    0.71487E+00
    0.17987E+02    0.68339E+00
    0.18351E+02    0.65324E+00
    0.18721E+02    0.62437E+00
    0.19099E+02    0.59674E+00
    0.19485E+02    0.57028E+00
    0.19879E+02    0.54497E+00
    0.20280E+02    0.52074E+00
    0.20690E+02    0.49755E+00
    0.21108E+02    0.47537E+00
    0.21535E+02    0.45415E+00
    0.21970E+02    0.43385E+00
    0.22413E+02    0.41443E+00
    0.22866E+02    0.39585E+00
    0.23328E+02    0.37809E+00
    0.23799E+02    0.36111E+00
    0.24280E+02    0.34486E+00
    0.24771E+02    0.32934E+00
    0.25271E+02    0.31449E+00
    0.25782E+02    0.30030E+00
    0.26302E+02    0.28673E+00
    0.26834E+02    0.27377E+00
    0.27376E+02    0.26138E+00
    0.27929E+02    0.24954E+00
    0.28493E+02    0.23822E+00
    0.29069E+02    0.22741E+00
    0.29656E+02    0.21708E+00
    0.30255E+02    0.20721E+00
    0.30866E+02    0.19778E+00
    0.31490E+02    0.18877E+00
    0.32126E+02    0.18017E+00
    0.32775E+02    0.17195E+00
    0.33437E+02    0.16410E+00
    0.34112E+02    0.15660E+00
    0.34801E+02    0.14945E+00
    0.35504E+02    0.14261E+00
    0.36222E+02    0.13608E+00
    0.36953E+02    0.12985E+00
    0.37700E+02    0.12390E+00
    0.38462E+02    0.11821E+00
    0.39239E+02    0.11279E+00
    0.40031E+02    0.10761E+00
    0.40840E+02    0.10267E+00
    0.41665E+02    0.97948E-01
    0.42507E+02    0.93444E-01
    0.43365E+02    0.89144E-01
    0.44241E+02    0.85040E-01
    0.45135E+02    0.81122E-01
    0.46047E+02    0.77384E-01
    0.46977E+02    0.73815E-01
    0.47926E+02    0.70410E-01
    0.48894E+02    0.67159E-01
    0.49882E+02    0.64058E-01
    0.50890E+02    0.61098E-01
    0.51918E+02    0.58274E-01
    0.52966E+02    0.55579E-01
    0.54036E+02    0.53009E-01
    0.55128E+02    0.50556E-01
    0.56242E+02    0.48217E-01
    0.57378E+02    0.45985E-01
    0.58537E+02    0.43857E-01
