    0.10000E-03    0.34875E+03
    0.10202E-03    0.35551E+03
    0.10408E-03    0.36240E+03
    0.10618E-03    0.36942E+03
    0.10833E-03    0.37658E+03
    0.11052E-03    0.38387E+03
    0.11275E-03    0.39131E+03
    0.11503E-03    0.39889E+03
    0.11735E-03    0.40661E+03
    0.11972E-03    0.41449E+03
    0.12214E-03    0.42252E+03
    0.12461E-03    0.43070E+03
    0.12712E-03    0.43904E+03
    0.12969E-03    0.44755E+03
    0.13231E-03    0.45621E+03
    0.13499E-03    0.46505E+03
    0.13771E-03    0.47405E+03
    0.14049E-03    0.48323E+03
    0.14333E-03    0.49259E+03
    0.14623E-03    0.50213E+03
    0.14918E-03    0.51185E+03
    0.15220E-03    0.52176E+03
    0.15527E-03    0.53186E+03
    0.15841E-03    0.54216E+03
    0.16161E-03    0.55265E+03
    0.16487E-03    0.56335E+03
    0.16820E-03    0.57425E+03
    0.17160E-03    0.58536E+03
    0.17507E-03    0.59669E+03
    0.17860E-03    0.60824E+03
    0.18221E-03    0.62001E+03
    0.18589E-03    0.63200E+03
    0.18965E-03    0.64423E+03
    0.19348E-03    0.65669E+03
    0.19739E-03    0.66939E+03
    0.20138E-03    0.68234E+03
    0.20544E-03    0.69554E+03
    0.20959E-03    0.70899E+03
    0.21383E-03    0.72270E+03
    0.21815E-03    0.73667E+03
    0.22255E-03    0.75091E+03
    0.22705E-03    0.76542E+03
    0.23164E-03    0.78022E+03
    0.23632E-03    0.79530E+03
    0.24109E-03    0.81066E+03
    0.24596E-03    0.82633E+03
    0.25093E-03    0.84229E+03
    0.25600E-03    0.85856E+03
    0.26117E-03    0.87514E+03
    0.26645E-03    0.89204E+03
    0.27183E-03    0.90926E+03
    0.27732E-03    0.92681E+03
    0.28292E-03    0.94470E+03
    0.28864E-03    0.96293E+03
    0.29447E-03    0.98150E+03
    0.30042E-03    0.10004E+04
    0.30649E-03    0.10197E+04
    0.31268E-03    0.10394E+04
    0.31899E-03    0.10594E+04
    0.32544E-03    0.10799E+04
    0.33201E-03    0.11007E+04
    0.33872E-03    0.11219E+04
    0.34556E-03    0.11435E+04
    0.35254E-03    0.11655E+04
    0.35966E-03    0.11879E+04
    0.36693E-03    0.12108E+04
    0.37434E-03    0.12341E+04
    0.38190E-03    0.12578E+04
    0.38962E-03    0.12820E+04
    0.39749E-03    0.13066E+04
    0.40552E-03    0.13318E+04
    0.41371E-03    0.13573E+04
    0.42207E-03    0.13834E+04
    0.43060E-03    0.14100E+04
    0.43929E-03    0.14370E+04
    0.44817E-03    0.14646E+04
    0.45722E-03    0.14927E+04
    0.46646E-03    0.15213E+04
    0.47588E-03    0.15504E+04
    0.48550E-03    0.15801E+04
    0.49530E-03    0.16104E+04
    0.50531E-03    0.16412E+04
    0.51552E-03    0.16726E+04
    0.52593E-03    0.17045E+04
    0.53656E-03    0.17371E+04
    0.54739E-03    0.17703E+04
    0.55845E-03    0.18041E+04
    0.56973E-03    0.18385E+04
    0.58124E-03    0.18735E+04
    0.59299E-03    0.19092E+04
    0.60496E-03    0.19456E+04
    0.61719E-03    0.19826E+04
    0.62965E-03    0.20203E+04
    0.64237E-03    0.20587E+04
    0.65535E-03    0.20978E+04
    0.66859E-03    0.21376E+04
    0.68210E-03    0.21781E+04
    0.69588E-03    0.22194E+04
    0.70993E-03    0.22614E+04
    0.72427E-03    0.23042E+04
    0.73891E-03    0.23478E+04
    0.75383E-03    0.23921E+04
    0.76906E-03    0.24373E+04
    0.78460E-03    0.24832E+04
    0.80045E-03    0.25300E+04
    0.81662E-03    0.25776E+04
    0.83311E-03    0.26261E+04
    0.84994E-03    0.26754E+04
    0.86711E-03    0.27256E+04
    0.88463E-03    0.27767E+04
    0.90250E-03    0.28287E+04
    0.92073E-03    0.28816E+04
    0.93933E-03    0.29354E+04
    0.95831E-03    0.29902E+04
    0.97767E-03    0.30460E+04
    0.99742E-03    0.31027E+04
    0.10176E-02    0.31604E+04
    0.10381E-02    0.32191E+04
    0.10591E-02    0.32788E+04
    0.10805E-02    0.33395E+04
    0.11023E-02    0.34013E+04
    0.11246E-02    0.34641E+04
    0.11473E-02    0.35280E+04
    0.11705E-02    0.35929E+04
    0.11941E-02    0.36590E+04
    0.12182E-02    0.37262E+04
    0.12429E-02    0.37945E+04
    0.12680E-02    0.38639E+04
    0.12936E-02    0.39345E+04
    0.13197E-02    0.40063E+04
    0.13464E-02    0.40792E+04
    0.13736E-02    0.41533E+04
    0.14013E-02    0.42286E+04
    0.14296E-02    0.43052E+04
    0.14585E-02    0.43830E+04
    0.14880E-02    0.44620E+04
    0.15180E-02    0.45422E+04
    0.15487E-02    0.46238E+04
    0.15800E-02    0.47066E+04
    0.16119E-02    0.47907E+04
    0.16445E-02    0.48762E+04
    0.16777E-02    0.49629E+04
    0.17116E-02    0.50510E+04
    0.17462E-02    0.51404E+04
    0.17814E-02    0.52311E+04
    0.18174E-02    0.53233E+04
    0.18541E-02    0.54168E+04
    0.18916E-02    0.55116E+04
    0.19298E-02    0.56079E+04
    0.19688E-02    0.57055E+04
    0.20086E-02    0.58046E+04
    0.20491E-02    0.59051E+04
    0.20905E-02    0.60070E+04
    0.21328E-02    0.61103E+04
    0.21758E-02    0.62150E+04
    0.22198E-02    0.63212E+04
    0.22646E-02    0.64288E+04
    0.23104E-02    0.65379E+04
    0.23571E-02    0.66484E+04
    0.24047E-02    0.67604E+04
    0.24533E-02    0.68738E+04
    0.25028E-02    0.69886E+04
    0.25534E-02    0.71049E+04
    0.26050E-02    0.72227E+04
    0.26576E-02    0.73419E+04
    0.27113E-02    0.74625E+04
    0.27660E-02    0.75846E+04
    0.28219E-02    0.77081E+04
    0.28789E-02    0.78331E+04
    0.29371E-02    0.79594E+04
    0.29964E-02    0.80872E+04
    0.30569E-02    0.82163E+04
    0.31187E-02    0.83469E+04
    0.31817E-02    0.84788E+04
    0.32460E-02    0.86120E+04
    0.33115E-02    0.87467E+04
    0.33784E-02    0.88826E+04
    0.34467E-02    0.90199E+04
    0.35163E-02    0.91585E+04
    0.35874E-02    0.92984E+04
    0.36598E-02    0.94395E+04
    0.37338E-02    0.95817E+04
    0.38092E-02    0.97250E+04
    0.38861E-02    0.98694E+04
    0.39646E-02    0.10015E+05
    0.40447E-02    0.10162E+05
    0.41264E-02    0.10310E+05
    0.42098E-02    0.10459E+05
    0.42948E-02    0.10610E+05
    0.43816E-02    0.10762E+05
    0.44701E-02    0.10914E+05
    0.45604E-02    0.11066E+05
    0.46525E-02    0.11216E+05
    0.47465E-02    0.11366E+05
    0.48424E-02    0.11515E+05
    0.49402E-02    0.11665E+05
    0.50400E-02    0.11815E+05
    0.51419E-02    0.11968E+05
    0.52457E-02    0.12122E+05
    0.53517E-02    0.12278E+05
    0.54598E-02    0.12436E+05
    0.55701E-02    0.12594E+05
    0.56826E-02    0.12752E+05
    0.57974E-02    0.12910E+05
    0.59145E-02    0.13067E+05
    0.60340E-02    0.13224E+05
    0.61559E-02    0.13380E+05
    0.62803E-02    0.13537E+05
    0.64072E-02    0.13693E+05
    0.65366E-02    0.13848E+05
    0.66686E-02    0.14004E+05
    0.68033E-02    0.14158E+05
    0.69408E-02    0.14312E+05
    0.70810E-02    0.14465E+05
    0.72240E-02    0.14616E+05
    0.73700E-02    0.14767E+05
    0.75189E-02    0.14916E+05
    0.76708E-02    0.15064E+05
    0.78257E-02    0.15210E+05
    0.79838E-02    0.15355E+05
    0.81451E-02    0.15498E+05
    0.83096E-02    0.15639E+05
    0.84775E-02    0.15778E+05
    0.86488E-02    0.15915E+05
    0.88235E-02    0.16049E+05
    0.90017E-02    0.16181E+05
    0.91836E-02    0.16310E+05
    0.93691E-02    0.16436E+05
    0.95583E-02    0.16559E+05
    0.97514E-02    0.16679E+05
    0.99484E-02    0.16796E+05
    0.10149E-01    0.16909E+05
    0.10354E-01    0.17018E+05
    0.10564E-01    0.17123E+05
    0.10777E-01    0.17225E+05
    0.10995E-01    0.17322E+05
    0.11217E-01    0.17414E+05
    0.11443E-01    0.17502E+05
    0.11675E-01    0.17585E+05
    0.11910E-01    0.17663E+05
    0.12151E-01    0.17736E+05
    0.12397E-01    0.17803E+05
    0.12647E-01    0.17865E+05
    0.12902E-01    0.17922E+05
    0.13163E-01    0.17972E+05
    0.13429E-01    0.18015E+05
    0.13700E-01    0.18051E+05
    0.13977E-01    0.18079E+05
    0.14259E-01    0.18100E+05
    0.14547E-01    0.18115E+05
    0.14841E-01    0.18125E+05
    0.15141E-01    0.18131E+05
    0.15447E-01    0.18134E+05
    0.15759E-01    0.18133E+05
    0.16077E-01    0.18125E+05
    0.16402E-01    0.18109E+05
    0.16734E-01    0.18082E+05
    0.17072E-01    0.18043E+05
    0.17416E-01    0.17992E+05
    0.17768E-01    0.17930E+05
    0.18127E-01    0.17860E+05
    0.18493E-01    0.17781E+05
    0.18867E-01    0.17695E+05
    0.19248E-01    0.17602E+05
    0.19637E-01    0.17500E+05
    0.20034E-01    0.17387E+05
    0.20438E-01    0.17263E+05
    0.20851E-01    0.17126E+05
    0.21272E-01    0.16979E+05
    0.21702E-01    0.16821E+05
    0.22141E-01    0.16656E+05
    0.22588E-01    0.16484E+05
    0.23044E-01    0.16306E+05
    0.23510E-01    0.16124E+05
    0.23985E-01    0.15936E+05
    0.24469E-01    0.15742E+05
    0.24964E-01    0.15544E+05
    0.25468E-01    0.15340E+05
    0.25982E-01    0.15130E+05
    0.26507E-01    0.14915E+05
    0.27043E-01    0.14694E+05
    0.27589E-01    0.14467E+05
    0.28146E-01    0.14234E+05
    0.28715E-01    0.13996E+05
    0.29295E-01    0.13754E+05
    0.29887E-01    0.13508E+05
    0.30490E-01    0.13259E+05
    0.31106E-01    0.13008E+05
    0.31735E-01    0.12757E+05
    0.32376E-01    0.12505E+05
    0.33030E-01    0.12254E+05
    0.33697E-01    0.12005E+05
    0.34378E-01    0.11759E+05
    0.35072E-01    0.11516E+05
    0.35781E-01    0.11277E+05
    0.36504E-01    0.11041E+05
    0.37241E-01    0.10810E+05
    0.37993E-01    0.10585E+05
    0.38761E-01    0.10364E+05
    0.39544E-01    0.10150E+05
    0.40343E-01    0.99409E+04
    0.41158E-01    0.97386E+04
    0.41989E-01    0.95431E+04
    0.42838E-01    0.93549E+04
    0.43703E-01    0.91748E+04
    0.44586E-01    0.90033E+04
    0.45486E-01    0.88408E+04
    0.46405E-01    0.86874E+04
    0.47343E-01    0.85421E+04
    0.48299E-01    0.84044E+04
    0.49275E-01    0.82735E+04
    0.50270E-01    0.81488E+04
    0.51286E-01    0.80297E+04
    0.52322E-01    0.79158E+04
    0.53379E-01    0.78064E+04
    0.54457E-01    0.77009E+04
    0.55557E-01    0.75983E+04
    0.56680E-01    0.74972E+04
    0.57825E-01    0.73968E+04
    0.58993E-01    0.72959E+04
    0.60184E-01    0.71938E+04
    0.61400E-01    0.70896E+04
    0.62641E-01    0.69823E+04
    0.63906E-01    0.68704E+04
    0.65197E-01    0.67525E+04
    0.66514E-01    0.66272E+04
    0.67858E-01    0.64957E+04
    0.69229E-01    0.63596E+04
    0.70627E-01    0.62204E+04
    0.72054E-01    0.60762E+04
    0.73510E-01    0.59233E+04
    0.74994E-01    0.57595E+04
    0.76509E-01    0.55870E+04
    0.78055E-01    0.54094E+04
    0.79632E-01    0.52296E+04
    0.81241E-01    0.50489E+04
    0.82882E-01    0.48681E+04
    0.84556E-01    0.46892E+04
    0.86264E-01    0.45139E+04
    0.88007E-01    0.43443E+04
    0.89785E-01    0.41822E+04
    0.91598E-01    0.40291E+04
    0.93449E-01    0.38863E+04
    0.95337E-01    0.37549E+04
    0.97263E-01    0.36359E+04
    0.99227E-01    0.35293E+04
    0.10123E+00    0.34349E+04
    0.10328E+00    0.33523E+04
    0.10536E+00    0.32800E+04
    0.10749E+00    0.32167E+04
    0.10966E+00    0.31605E+04
    0.11188E+00    0.31093E+04
    0.11414E+00    0.30609E+04
    0.11644E+00    0.30129E+04
    0.11880E+00    0.29629E+04
    0.12120E+00    0.29090E+04
    0.12365E+00    0.28492E+04
    0.12614E+00    0.27825E+04
    0.12869E+00    0.27084E+04
    0.13129E+00    0.26271E+04
    0.13394E+00    0.25395E+04
    0.13665E+00    0.24473E+04
    0.13941E+00    0.23522E+04
    0.14223E+00    0.22565E+04
    0.14510E+00    0.21625E+04
    0.14803E+00    0.20729E+04
    0.15102E+00    0.19900E+04
    0.15407E+00    0.19158E+04
    0.15718E+00    0.18512E+04
    0.16036E+00    0.17963E+04
    0.16360E+00    0.17501E+04
    0.16690E+00    0.17110E+04
    0.17028E+00    0.16771E+04
    0.17371E+00    0.16462E+04
    0.17722E+00    0.16161E+04
    0.18080E+00    0.15844E+04
    0.18446E+00    0.15491E+04
    0.18818E+00    0.15088E+04
    0.19198E+00    0.14634E+04
    0.19586E+00    0.14138E+04
    0.19982E+00    0.13620E+04
    0.20386E+00    0.13099E+04
    0.20797E+00    0.12596E+04
    0.21218E+00    0.12130E+04
    0.21646E+00    0.11714E+04
    0.22083E+00    0.11356E+04
    0.22530E+00    0.11053E+04
    0.22985E+00    0.10793E+04
    0.23449E+00    0.10560E+04
    0.23923E+00    0.10334E+04
    0.24406E+00    0.10099E+04
    0.24899E+00    0.98412E+03
    0.25402E+00    0.95590E+03
    0.25915E+00    0.92581E+03
    0.26439E+00    0.89506E+03
    0.26973E+00    0.86505E+03
    0.27518E+00    0.83706E+03
    0.28074E+00    0.81196E+03
    0.28641E+00    0.78993E+03
    0.29219E+00    0.77039E+03
    0.29810E+00    0.75229E+03
    0.30412E+00    0.73451E+03
    0.31026E+00    0.71619E+03
    0.31653E+00    0.69695E+03
    0.32292E+00    0.67703E+03
    0.32945E+00    0.65715E+03
    0.33610E+00    0.63815E+03
    0.34289E+00    0.62054E+03
    0.34982E+00    0.60444E+03
    0.35689E+00    0.58961E+03
    0.36409E+00    0.57548E+03
    0.37145E+00    0.56145E+03
    0.37895E+00    0.54726E+03
    0.38661E+00    0.53299E+03
    0.39442E+00    0.51894E+03
    0.40239E+00    0.50550E+03
    0.41052E+00    0.49285E+03
    0.41881E+00    0.48094E+03
    0.42727E+00    0.46953E+03
    0.43590E+00    0.45836E+03
    0.44471E+00    0.44729E+03
    0.45369E+00    0.43638E+03
    0.46286E+00    0.42579E+03
    0.47221E+00    0.41563E+03
    0.48174E+00    0.40592E+03
    0.49148E+00    0.39655E+03
    0.50141E+00    0.38741E+03
    0.51153E+00    0.37846E+03
    0.52187E+00    0.36971E+03
    0.53241E+00    0.36124E+03
    0.54317E+00    0.35306E+03
    0.55414E+00    0.34513E+03
    0.56533E+00    0.33740E+03
    0.57675E+00    0.32988E+03
    0.58840E+00    0.32256E+03
    0.60029E+00    0.31543E+03
    0.61242E+00    0.30850E+03
    0.62479E+00    0.30175E+03
    0.63741E+00    0.29518E+03
    0.65029E+00    0.28877E+03
    0.66342E+00    0.28253E+03
    0.67683E+00    0.27645E+03
    0.69050E+00    0.27051E+03
    0.70445E+00    0.26472E+03
    0.71868E+00    0.25907E+03
    0.73320E+00    0.25355E+03
    0.74801E+00    0.24816E+03
    0.76312E+00    0.24289E+03
    0.77854E+00    0.23774E+03
    0.79426E+00    0.23270E+03
    0.81031E+00    0.22778E+03
    0.82668E+00    0.22296E+03
    0.84338E+00    0.21825E+03
    0.86041E+00    0.21363E+03
    0.87780E+00    0.20911E+03
    0.89553E+00    0.20468E+03
    0.91362E+00    0.20034E+03
    0.93208E+00    0.19609E+03
    0.95091E+00    0.19192E+03
    0.97011E+00    0.18783E+03
    0.98971E+00    0.18382E+03
    0.10097E+01    0.17989E+03
    0.10301E+01    0.17603E+03
    0.10509E+01    0.17224E+03
    0.10721E+01    0.16852E+03
    0.10938E+01    0.16487E+03
    0.11159E+01    0.16128E+03
    0.11384E+01    0.15776E+03
    0.11614E+01    0.15430E+03
    0.11849E+01    0.15090E+03
    0.12088E+01    0.14756E+03
    0.12333E+01    0.14428E+03
    0.12582E+01    0.14105E+03
    0.12836E+01    0.13788E+03
    0.13095E+01    0.13476E+03
    0.13360E+01    0.13170E+03
    0.13630E+01    0.12869E+03
    0.13905E+01    0.12572E+03
    0.14186E+01    0.12281E+03
    0.14472E+01    0.11995E+03
    0.14765E+01    0.11713E+03
    0.15063E+01    0.11437E+03
    0.15367E+01    0.11165E+03
    0.15678E+01    0.10897E+03
    0.15994E+01    0.10635E+03
    0.16318E+01    0.10376E+03
    0.16647E+01    0.10122E+03
    0.16984E+01    0.98727E+02
    0.17327E+01    0.96275E+02
    0.17677E+01    0.93865E+02
    0.18034E+01    0.91497E+02
    0.18398E+01    0.89171E+02
    0.18770E+01    0.86886E+02
    0.19149E+01    0.84642E+02
    0.19536E+01    0.82439E+02
    0.19930E+01    0.80275E+02
    0.20333E+01    0.78151E+02
    0.20744E+01    0.76067E+02
    0.21163E+01    0.74021E+02
    0.21590E+01    0.72014E+02
    0.22026E+01    0.70046E+02
    0.22471E+01    0.68115E+02
    0.22925E+01    0.66222E+02
    0.23388E+01    0.64366E+02
    0.23861E+01    0.62548E+02
    0.24343E+01    0.60766E+02
    0.24835E+01    0.59020E+02
    0.25336E+01    0.57311E+02
    0.25848E+01    0.55637E+02
    0.26370E+01    0.53999E+02
    0.26903E+01    0.52395E+02
    0.27447E+01    0.50827E+02
    0.28001E+01    0.49294E+02
    0.28567E+01    0.47795E+02
    0.29144E+01    0.46329E+02
    0.29733E+01    0.44897E+02
    0.30333E+01    0.43499E+02
    0.30946E+01    0.42133E+02
    0.31571E+01    0.40800E+02
    0.32209E+01    0.39499E+02
    0.32860E+01    0.38231E+02
    0.33523E+01    0.36993E+02
    0.34201E+01    0.35787E+02
    0.34892E+01    0.34612E+02
    0.35596E+01    0.33467E+02
    0.36316E+01    0.32352E+02
    0.37049E+01    0.31267E+02
    0.37798E+01    0.30210E+02
    0.38561E+01    0.29183E+02
    0.39340E+01    0.28184E+02
    0.40135E+01    0.27212E+02
    0.40946E+01    0.26268E+02
    0.41773E+01    0.25351E+02
    0.42617E+01    0.24461E+02
    0.43478E+01    0.23596E+02
    0.44356E+01    0.22757E+02
    0.45252E+01    0.21943E+02
    0.46166E+01    0.21154E+02
    0.47099E+01    0.20388E+02
    0.48050E+01    0.19647E+02
    0.49021E+01    0.18928E+02
    0.50011E+01    0.18232E+02
    0.51021E+01    0.17558E+02
    0.52052E+01    0.16905E+02
    0.53104E+01    0.16274E+02
    0.54176E+01    0.15663E+02
    0.55271E+01    0.15072E+02
    0.56387E+01    0.14501E+02
    0.57526E+01    0.13949E+02
    0.58689E+01    0.13415E+02
    0.59874E+01    0.12900E+02
    0.61084E+01    0.12402E+02
    0.62318E+01    0.11922E+02
    0.63577E+01    0.11458E+02
    0.64861E+01    0.11010E+02
    0.66171E+01    0.10578E+02
    0.67508E+01    0.10162E+02
    0.68872E+01    0.97603E+01
    0.70263E+01    0.93730E+01
    0.71682E+01    0.89998E+01
    0.73130E+01    0.86402E+01
    0.74608E+01    0.82937E+01
    0.76115E+01    0.79600E+01
    0.77653E+01    0.76387E+01
    0.79221E+01    0.73293E+01
    0.80822E+01    0.70315E+01
    0.82454E+01    0.67450E+01
    0.84120E+01    0.64693E+01
    0.85819E+01    0.62040E+01
    0.87553E+01    0.59490E+01
    0.89322E+01    0.57037E+01
    0.91126E+01    0.54679E+01
    0.92967E+01    0.52412E+01
    0.94845E+01    0.50233E+01
    0.96761E+01    0.48140E+01
    0.98716E+01    0.46129E+01
    0.10071E+02    0.44198E+01
    0.10274E+02    0.42343E+01
    0.10482E+02    0.40561E+01
    0.10694E+02    0.38851E+01
    0.10910E+02    0.37209E+01
    0.11130E+02    0.35633E+01
    0.11355E+02    0.34121E+01
    0.11584E+02    0.32670E+01
    0.11818E+02    0.31278E+01
    0.12057E+02    0.29943E+01
    0.12301E+02    0.28662E+01
    0.12549E+02    0.27434E+01
    0.12803E+02    0.26256E+01
    0.13061E+02    0.25127E+01
    0.13325E+02    0.24045E+01
    0.13594E+02    0.23007E+01
    0.13869E+02    0.22013E+01
    0.14149E+02    0.21060E+01
    0.14435E+02    0.20147E+01
    0.14727E+02    0.19273E+01
    0.15024E+02    0.18435E+01
    0.15328E+02    0.17632E+01
    0.15637E+02    0.16863E+01
    0.15953E+02    0.16127E+01
    0.16275E+02    0.15422E+01
    0.16604E+02    0.14747E+01
    0.16940E+02    0.14100E+01
    0.17282E+02    0.13482E+01
    0.17631E+02    0.12889E+01
    0.17987E+02    0.12322E+01
    0.18351E+02    0.11780E+01
    0.18721E+02    0.11260E+01
    0.19099E+02    0.10763E+01
    0.19485E+02    0.10288E+01
    0.19879E+02    0.98331E+00
    0.20280E+02    0.93978E+00
    0.20690E+02    0.89814E+00
    0.21108E+02    0.85831E+00
    0.21535E+02    0.82021E+00
    0.21970E+02    0.78377E+00
    0.22413E+02    0.74892E+00
    0.22866E+02    0.71559E+00
    0.23328E+02    0.68372E+00
    0.23799E+02    0.65325E+00
    0.24280E+02    0.62410E+00
    0.24771E+02    0.59624E+00
    0.25271E+02    0.56961E+00
    0.25782E+02    0.54414E+00
    0.26302E+02    0.51980E+00
    0.26834E+02    0.49653E+00
    0.27376E+02    0.47428E+00
    0.27929E+02    0.45302E+00
    0.28493E+02    0.43270E+00
    0.29069E+02    0.41328E+00
    0.29656E+02    0.39472E+00
    0.30255E+02    0.37699E+00
    0.30866E+02    0.36004E+00
    0.31490E+02    0.34384E+00
    0.32126E+02    0.32837E+00
    0.32775E+02    0.31358E+00
    0.33437E+02    0.29945E+00
    0.34112E+02    0.28595E+00
    0.34801E+02    0.27306E+00
    0.35504E+02    0.26074E+00
    0.36222E+02    0.24897E+00
    0.36953E+02    0.23773E+00
    0.37700E+02    0.22699E+00
    0.38462E+02    0.21673E+00
    0.39239E+02    0.20693E+00
    0.40031E+02    0.19757E+00
    0.40840E+02    0.18863E+00
    0.41665E+02    0.18009E+00
    0.42507E+02    0.17194E+00
    0.43365E+02    0.16415E+00
    0.44241E+02    0.15671E+00
    0.45135E+02    0.14961E+00
    0.46047E+02    0.14282E+00
    0.46977E+02    0.13635E+00
    0.47926E+02    0.13016E+00
    0.48894E+02    0.12425E+00
    0.49882E+02    0.11861E+00
    0.50890E+02    0.11322E+00
    0.51918E+02    0.10808E+00
    0.52966E+02    0.10316E+00
    0.54036E+02    0.98476E-01
    0.55128E+02    0.93999E-01
    0.56242E+02    0.89725E-01
    0.57378E+02    0.85645E-01
    0.58537E+02    0.81751E-01
