    0.10000E-03    0.22622E+03
    0.10202E-03    0.23060E+03
    0.10408E-03    0.23507E+03
    0.10618E-03    0.23963E+03
    0.10833E-03    0.24427E+03
    0.11052E-03    0.24900E+03
    0.11275E-03    0.25382E+03
    0.11503E-03    0.25874E+03
    0.11735E-03    0.26375E+03
    0.11972E-03    0.26886E+03
    0.12214E-03    0.27407E+03
    0.12461E-03    0.27938E+03
    0.12712E-03    0.28479E+03
    0.12969E-03    0.29030E+03
    0.13231E-03    0.29593E+03
    0.13499E-03    0.30166E+03
    0.13771E-03    0.30750E+03
    0.14049E-03    0.31345E+03
    0.14333E-03    0.31952E+03
    0.14623E-03    0.32571E+03
    0.14918E-03    0.33202E+03
    0.15220E-03    0.33845E+03
    0.15527E-03    0.34500E+03
    0.15841E-03    0.35168E+03
    0.16161E-03    0.35848E+03
    0.16487E-03    0.36542E+03
    0.16820E-03    0.37250E+03
    0.17160E-03    0.37971E+03
    0.17507E-03    0.38706E+03
    0.17860E-03    0.39455E+03
    0.18221E-03    0.40218E+03
    0.18589E-03    0.40996E+03
    0.18965E-03    0.41789E+03
    0.19348E-03    0.42598E+03
    0.19739E-03    0.43422E+03
    0.20138E-03    0.44262E+03
    0.20544E-03    0.45118E+03
    0.20959E-03    0.45991E+03
    0.21383E-03    0.46880E+03
    0.21815E-03    0.47786E+03
    0.22255E-03    0.48710E+03
    0.22705E-03    0.49652E+03
    0.23164E-03    0.50612E+03
    0.23632E-03    0.51590E+03
    0.24109E-03    0.52587E+03
    0.24596E-03    0.53603E+03
    0.25093E-03    0.54639E+03
    0.25600E-03    0.55694E+03
    0.26117E-03    0.56770E+03
    0.26645E-03    0.57866E+03
    0.27183E-03    0.58984E+03
    0.27732E-03    0.60122E+03
    0.28292E-03    0.61283E+03
    0.28864E-03    0.62466E+03
    0.29447E-03    0.63671E+03
    0.30042E-03    0.64900E+03
    0.30649E-03    0.66152E+03
    0.31268E-03    0.67427E+03
    0.31899E-03    0.68728E+03
    0.32544E-03    0.70052E+03
    0.33201E-03    0.71403E+03
    0.33872E-03    0.72779E+03
    0.34556E-03    0.74181E+03
    0.35254E-03    0.75609E+03
    0.35966E-03    0.77065E+03
    0.36693E-03    0.78549E+03
    0.37434E-03    0.80061E+03
    0.38190E-03    0.81601E+03
    0.38962E-03    0.83170E+03
    0.39749E-03    0.84770E+03
    0.40552E-03    0.86399E+03
    0.41371E-03    0.88059E+03
    0.42207E-03    0.89751E+03
    0.43060E-03    0.91475E+03
    0.43929E-03    0.93231E+03
    0.44817E-03    0.95020E+03
    0.45722E-03    0.96842E+03
    0.46646E-03    0.98699E+03
    0.47588E-03    0.10059E+04
    0.48550E-03    0.10252E+04
    0.49530E-03    0.10448E+04
    0.50531E-03    0.10648E+04
    0.51552E-03    0.10852E+04
    0.52593E-03    0.11059E+04
    0.53656E-03    0.11271E+04
    0.54739E-03    0.11486E+04
    0.55845E-03    0.11705E+04
    0.56973E-03    0.11929E+04
    0.58124E-03    0.12156E+04
    0.59299E-03    0.12388E+04
    0.60496E-03    0.12624E+04
    0.61719E-03    0.12864E+04
    0.62965E-03    0.13109E+04
    0.64237E-03    0.13358E+04
    0.65535E-03    0.13612E+04
    0.66859E-03    0.13870E+04
    0.68210E-03    0.14134E+04
    0.69588E-03    0.14401E+04
    0.70993E-03    0.14674E+04
    0.72427E-03    0.14952E+04
    0.73891E-03    0.15235E+04
    0.75383E-03    0.15523E+04
    0.76906E-03    0.15816E+04
    0.78460E-03    0.16114E+04
    0.80045E-03    0.16418E+04
    0.81662E-03    0.16727E+04
    0.83311E-03    0.17042E+04
    0.84994E-03    0.17362E+04
    0.86711E-03    0.17688E+04
    0.88463E-03    0.18019E+04
    0.90250E-03    0.18357E+04
    0.92073E-03    0.18700E+04
    0.93933E-03    0.19050E+04
    0.95831E-03    0.19406E+04
    0.97767E-03    0.19767E+04
    0.99742E-03    0.20136E+04
    0.10176E-02    0.20510E+04
    0.10381E-02    0.20891E+04
    0.10591E-02    0.21279E+04
    0.10805E-02    0.21673E+04
    0.11023E-02    0.22074E+04
    0.11246E-02    0.22482E+04
    0.11473E-02    0.22896E+04
    0.11705E-02    0.23318E+04
    0.11941E-02    0.23747E+04
    0.12182E-02    0.24183E+04
    0.12429E-02    0.24626E+04
    0.12680E-02    0.25077E+04
    0.12936E-02    0.25535E+04
    0.13197E-02    0.26001E+04
    0.13464E-02    0.26474E+04
    0.13736E-02    0.26956E+04
    0.14013E-02    0.27445E+04
    0.14296E-02    0.27941E+04
    0.14585E-02    0.28446E+04
    0.14880E-02    0.28959E+04
    0.15180E-02    0.29480E+04
    0.15487E-02    0.30010E+04
    0.15800E-02    0.30547E+04
    0.16119E-02    0.31093E+04
    0.16445E-02    0.31648E+04
    0.16777E-02    0.32211E+04
    0.17116E-02    0.32782E+04
    0.17462E-02    0.33363E+04
    0.17814E-02    0.33952E+04
    0.18174E-02    0.34550E+04
    0.18541E-02    0.35157E+04
    0.18916E-02    0.35773E+04
    0.19298E-02    0.36397E+04
    0.19688E-02    0.37031E+04
    0.20086E-02    0.37674E+04
    0.20491E-02    0.38326E+04
    0.20905E-02    0.38988E+04
    0.21328E-02    0.39658E+04
    0.21758E-02    0.40338E+04
    0.22198E-02    0.41027E+04
    0.22646E-02    0.41726E+04
    0.23104E-02    0.42434E+04
    0.23571E-02    0.43151E+04
    0.24047E-02    0.43878E+04
    0.24533E-02    0.44614E+04
    0.25028E-02    0.45360E+04
    0.25534E-02    0.46114E+04
    0.26050E-02    0.46879E+04
    0.26576E-02    0.47653E+04
    0.27113E-02    0.48436E+04
    0.27660E-02    0.49228E+04
    0.28219E-02    0.50030E+04
    0.28789E-02    0.50841E+04
    0.29371E-02    0.51661E+04
    0.29964E-02    0.52490E+04
    0.30569E-02    0.53328E+04
    0.31187E-02    0.54176E+04
    0.31817E-02    0.55032E+04
    0.32460E-02    0.55897E+04
    0.33115E-02    0.56771E+04
    0.33784E-02    0.57653E+04
    0.34467E-02    0.58544E+04
    0.35163E-02    0.59444E+04
    0.35874E-02    0.60352E+04
    0.36598E-02    0.61267E+04
    0.37338E-02    0.62190E+04
    0.38092E-02    0.63121E+04
    0.38861E-02    0.64059E+04
    0.39646E-02    0.65004E+04
    0.40447E-02    0.65956E+04
    0.41264E-02    0.66917E+04
    0.42098E-02    0.67886E+04
    0.42948E-02    0.68863E+04
    0.43816E-02    0.69846E+04
    0.44701E-02    0.70832E+04
    0.45604E-02    0.71819E+04
    0.46525E-02    0.72804E+04
    0.47465E-02    0.73785E+04
    0.48424E-02    0.74767E+04
    0.49402E-02    0.75751E+04
    0.50400E-02    0.76741E+04
    0.51419E-02    0.77739E+04
    0.52457E-02    0.78748E+04
    0.53517E-02    0.79765E+04
    0.54598E-02    0.80788E+04
    0.55701E-02    0.81814E+04
    0.56826E-02    0.82840E+04
    0.57974E-02    0.83864E+04
    0.59145E-02    0.84887E+04
    0.60340E-02    0.85908E+04
    0.61559E-02    0.86927E+04
    0.62803E-02    0.87945E+04
    0.64072E-02    0.88961E+04
    0.65366E-02    0.89975E+04
    0.66686E-02    0.90985E+04
    0.68033E-02    0.91990E+04
    0.69408E-02    0.92991E+04
    0.70810E-02    0.93985E+04
    0.72240E-02    0.94973E+04
    0.73700E-02    0.95953E+04
    0.75189E-02    0.96926E+04
    0.76708E-02    0.97889E+04
    0.78257E-02    0.98842E+04
    0.79838E-02    0.99785E+04
    0.81451E-02    0.10072E+05
    0.83096E-02    0.10164E+05
    0.84775E-02    0.10254E+05
    0.86488E-02    0.10343E+05
    0.88235E-02    0.10431E+05
    0.90017E-02    0.10517E+05
    0.91836E-02    0.10601E+05
    0.93691E-02    0.10683E+05
    0.95583E-02    0.10763E+05
    0.97514E-02    0.10842E+05
    0.99484E-02    0.10918E+05
    0.10149E-01    0.10992E+05
    0.10354E-01    0.11063E+05
    0.10564E-01    0.11132E+05
    0.10777E-01    0.11198E+05
    0.10995E-01    0.11262E+05
    0.11217E-01    0.11322E+05
    0.11443E-01    0.11380E+05
    0.11675E-01    0.11434E+05
    0.11910E-01    0.11485E+05
    0.12151E-01    0.11533E+05
    0.12397E-01    0.11577E+05
    0.12647E-01    0.11618E+05
    0.12902E-01    0.11655E+05
    0.13163E-01    0.11688E+05
    0.13429E-01    0.11717E+05
    0.13700E-01    0.11741E+05
    0.13977E-01    0.11760E+05
    0.14259E-01    0.11774E+05
    0.14547E-01    0.11784E+05
    0.14841E-01    0.11791E+05
    0.15141E-01    0.11796E+05
    0.15447E-01    0.11798E+05
    0.15759E-01    0.11798E+05
    0.16077E-01    0.11793E+05
    0.16402E-01    0.11783E+05
    0.16734E-01    0.11766E+05
    0.17072E-01    0.11742E+05
    0.17416E-01    0.11709E+05
    0.17768E-01    0.11670E+05
    0.18127E-01    0.11624E+05
    0.18493E-01    0.11574E+05
    0.18867E-01    0.11519E+05
    0.19248E-01    0.11458E+05
    0.19637E-01    0.11392E+05
    0.20034E-01    0.11320E+05
    0.20438E-01    0.11240E+05
    0.20851E-01    0.11152E+05
    0.21272E-01    0.11056E+05
    0.21702E-01    0.10954E+05
    0.22141E-01    0.10847E+05
    0.22588E-01    0.10736E+05
    0.23044E-01    0.10621E+05
    0.23510E-01    0.10503E+05
    0.23985E-01    0.10381E+05
    0.24469E-01    0.10256E+05
    0.24964E-01    0.10127E+05
    0.25468E-01    0.99947E+04
    0.25982E-01    0.98589E+04
    0.26507E-01    0.97193E+04
    0.27043E-01    0.95760E+04
    0.27589E-01    0.94287E+04
    0.28146E-01    0.92776E+04
    0.28715E-01    0.91231E+04
    0.29295E-01    0.89658E+04
    0.29887E-01    0.88061E+04
    0.30490E-01    0.86445E+04
    0.31106E-01    0.84816E+04
    0.31735E-01    0.83181E+04
    0.32376E-01    0.81545E+04
    0.33030E-01    0.79915E+04
    0.33697E-01    0.78297E+04
    0.34378E-01    0.76696E+04
    0.35072E-01    0.75114E+04
    0.35781E-01    0.73557E+04
    0.36504E-01    0.72026E+04
    0.37241E-01    0.70525E+04
    0.37993E-01    0.69056E+04
    0.38761E-01    0.67621E+04
    0.39544E-01    0.66224E+04
    0.40343E-01    0.64866E+04
    0.41158E-01    0.63549E+04
    0.41989E-01    0.62276E+04
    0.42838E-01    0.61051E+04
    0.43703E-01    0.59878E+04
    0.44586E-01    0.58761E+04
    0.45486E-01    0.57703E+04
    0.46405E-01    0.56704E+04
    0.47343E-01    0.55758E+04
    0.48299E-01    0.54861E+04
    0.49275E-01    0.54009E+04
    0.50270E-01    0.53197E+04
    0.51286E-01    0.52422E+04
    0.52322E-01    0.51680E+04
    0.53379E-01    0.50968E+04
    0.54457E-01    0.50282E+04
    0.55557E-01    0.49613E+04
    0.56680E-01    0.48955E+04
    0.57825E-01    0.48300E+04
    0.58993E-01    0.47643E+04
    0.60184E-01    0.46977E+04
    0.61400E-01    0.46297E+04
    0.62641E-01    0.45597E+04
    0.63906E-01    0.44866E+04
    0.65197E-01    0.44095E+04
    0.66514E-01    0.43276E+04
    0.67858E-01    0.42415E+04
    0.69229E-01    0.41524E+04
    0.70627E-01    0.40612E+04
    0.72054E-01    0.39666E+04
    0.73510E-01    0.38663E+04
    0.74994E-01    0.37588E+04
    0.76509E-01    0.36455E+04
    0.78055E-01    0.35289E+04
    0.79632E-01    0.34107E+04
    0.81241E-01    0.32918E+04
    0.82882E-01    0.31729E+04
    0.84556E-01    0.30551E+04
    0.86264E-01    0.29397E+04
    0.88007E-01    0.28279E+04
    0.89785E-01    0.27211E+04
    0.91598E-01    0.26201E+04
    0.93449E-01    0.25260E+04
    0.95337E-01    0.24393E+04
    0.97263E-01    0.23607E+04
    0.99227E-01    0.22903E+04
    0.10123E+00    0.22280E+04
    0.10328E+00    0.21734E+04
    0.10536E+00    0.21256E+04
    0.10749E+00    0.20838E+04
    0.10966E+00    0.20466E+04
    0.11188E+00    0.20127E+04
    0.11414E+00    0.19807E+04
    0.11644E+00    0.19489E+04
    0.11880E+00    0.19158E+04
    0.12120E+00    0.18800E+04
    0.12365E+00    0.18404E+04
    0.12614E+00    0.17962E+04
    0.12869E+00    0.17471E+04
    0.13129E+00    0.16932E+04
    0.13394E+00    0.16352E+04
    0.13665E+00    0.15740E+04
    0.13941E+00    0.15110E+04
    0.14223E+00    0.14475E+04
    0.14510E+00    0.13851E+04
    0.14803E+00    0.13256E+04
    0.15102E+00    0.12706E+04
    0.15407E+00    0.12212E+04
    0.15718E+00    0.11783E+04
    0.16036E+00    0.11418E+04
    0.16360E+00    0.11111E+04
    0.16690E+00    0.10851E+04
    0.17028E+00    0.10626E+04
    0.17371E+00    0.10420E+04
    0.17722E+00    0.10219E+04
    0.18080E+00    0.10009E+04
    0.18446E+00    0.97738E+03
    0.18818E+00    0.95059E+03
    0.19198E+00    0.92036E+03
    0.19586E+00    0.88742E+03
    0.19982E+00    0.85294E+03
    0.20386E+00    0.81830E+03
    0.20797E+00    0.78485E+03
    0.21218E+00    0.75383E+03
    0.21646E+00    0.72619E+03
    0.22083E+00    0.70240E+03
    0.22530E+00    0.68225E+03
    0.22985E+00    0.66501E+03
    0.23449E+00    0.64954E+03
    0.23923E+00    0.63458E+03
    0.24406E+00    0.61897E+03
    0.24899E+00    0.60191E+03
    0.25402E+00    0.58320E+03
    0.25915E+00    0.56324E+03
    0.26439E+00    0.54284E+03
    0.26973E+00    0.52293E+03
    0.27518E+00    0.50437E+03
    0.28074E+00    0.48775E+03
    0.28641E+00    0.47320E+03
    0.29219E+00    0.46033E+03
    0.29810E+00    0.44843E+03
    0.30412E+00    0.43674E+03
    0.31026E+00    0.42470E+03
    0.31653E+00    0.41205E+03
    0.32292E+00    0.39894E+03
    0.32945E+00    0.38585E+03
    0.33610E+00    0.37337E+03
    0.34289E+00    0.36181E+03
    0.34982E+00    0.35129E+03
    0.35689E+00    0.34163E+03
    0.36409E+00    0.33245E+03
    0.37145E+00    0.32334E+03
    0.37895E+00    0.31413E+03
    0.38661E+00    0.30485E+03
    0.39442E+00    0.29573E+03
    0.40239E+00    0.28703E+03
    0.41052E+00    0.27887E+03
    0.41881E+00    0.27121E+03
    0.42727E+00    0.26391E+03
    0.43590E+00    0.25676E+03
    0.44471E+00    0.24970E+03
    0.45369E+00    0.24273E+03
    0.46286E+00    0.23599E+03
    0.47221E+00    0.22954E+03
    0.48174E+00    0.22341E+03
    0.49148E+00    0.21751E+03
    0.50141E+00    0.21178E+03
    0.51153E+00    0.20617E+03
    0.52187E+00    0.20071E+03
    0.53241E+00    0.19543E+03
    0.54317E+00    0.19036E+03
    0.55414E+00    0.18546E+03
    0.56533E+00    0.18071E+03
    0.57675E+00    0.17610E+03
    0.58840E+00    0.17163E+03
    0.60029E+00    0.16730E+03
    0.61242E+00    0.16310E+03
    0.62479E+00    0.15904E+03
    0.63741E+00    0.15509E+03
    0.65029E+00    0.15127E+03
    0.66342E+00    0.14755E+03
    0.67683E+00    0.14395E+03
    0.69050E+00    0.14045E+03
    0.70445E+00    0.13706E+03
    0.71868E+00    0.13376E+03
    0.73320E+00    0.13056E+03
    0.74801E+00    0.12744E+03
    0.76312E+00    0.12441E+03
    0.77854E+00    0.12147E+03
    0.79426E+00    0.11860E+03
    0.81031E+00    0.11582E+03
    0.82668E+00    0.11310E+03
    0.84338E+00    0.11046E+03
    0.86041E+00    0.10789E+03
    0.87780E+00    0.10538E+03
    0.89553E+00    0.10294E+03
    0.91362E+00    0.10056E+03
    0.93208E+00    0.98240E+02
    0.95091E+00    0.95977E+02
    0.97011E+00    0.93769E+02
    0.98971E+00    0.91615E+02
    0.10097E+01    0.89513E+02
    0.10301E+01    0.87460E+02
    0.10509E+01    0.85455E+02
    0.10721E+01    0.83497E+02
    0.10938E+01    0.81583E+02
    0.11159E+01    0.79713E+02
    0.11384E+01    0.77884E+02
    0.11614E+01    0.76097E+02
    0.11849E+01    0.74348E+02
    0.12088E+01    0.72638E+02
    0.12333E+01    0.70964E+02
    0.12582E+01    0.69326E+02
    0.12836E+01    0.67723E+02
    0.13095E+01    0.66154E+02
    0.13360E+01    0.64617E+02
    0.13630E+01    0.63112E+02
    0.13905E+01    0.61637E+02
    0.14186E+01    0.60193E+02
    0.14472E+01    0.58778E+02
    0.14765E+01    0.57392E+02
    0.15063E+01    0.56033E+02
    0.15367E+01    0.54702E+02
    0.15678E+01    0.53397E+02
    0.15994E+01    0.52117E+02
    0.16318E+01    0.50863E+02
    0.16647E+01    0.49633E+02
    0.16984E+01    0.48428E+02
    0.17327E+01    0.47246E+02
    0.17677E+01    0.46087E+02
    0.18034E+01    0.44950E+02
    0.18398E+01    0.43836E+02
    0.18770E+01    0.42744E+02
    0.19149E+01    0.41672E+02
    0.19536E+01    0.40622E+02
    0.19930E+01    0.39592E+02
    0.20333E+01    0.38583E+02
    0.20744E+01    0.37593E+02
    0.21163E+01    0.36622E+02
    0.21590E+01    0.35671E+02
    0.22026E+01    0.34739E+02
    0.22471E+01    0.33825E+02
    0.22925E+01    0.32930E+02
    0.23388E+01    0.32052E+02
    0.23861E+01    0.31193E+02
    0.24343E+01    0.30350E+02
    0.24835E+01    0.29525E+02
    0.25336E+01    0.28717E+02
    0.25848E+01    0.27926E+02
    0.26370E+01    0.27151E+02
    0.26903E+01    0.26392E+02
    0.27447E+01    0.25650E+02
    0.28001E+01    0.24923E+02
    0.28567E+01    0.24212E+02
    0.29144E+01    0.23516E+02
    0.29733E+01    0.22835E+02
    0.30333E+01    0.22169E+02
    0.30946E+01    0.21519E+02
    0.31571E+01    0.20882E+02
    0.32209E+01    0.20260E+02
    0.32860E+01    0.19653E+02
    0.33523E+01    0.19059E+02
    0.34201E+01    0.18479E+02
    0.34892E+01    0.17912E+02
    0.35596E+01    0.17360E+02
    0.36316E+01    0.16820E+02
    0.37049E+01    0.16293E+02
    0.37798E+01    0.15779E+02
    0.38561E+01    0.15278E+02
    0.39340E+01    0.14789E+02
    0.40135E+01    0.14313E+02
    0.40946E+01    0.13848E+02
    0.41773E+01    0.13396E+02
    0.42617E+01    0.12955E+02
    0.43478E+01    0.12526E+02
    0.44356E+01    0.12109E+02
    0.45252E+01    0.11702E+02
    0.46166E+01    0.11307E+02
    0.47099E+01    0.10922E+02
    0.48050E+01    0.10548E+02
    0.49021E+01    0.10184E+02
    0.50011E+01    0.98309E+01
    0.51021E+01    0.94877E+01
    0.52052E+01    0.91543E+01
    0.53104E+01    0.88307E+01
    0.54176E+01    0.85166E+01
    0.55271E+01    0.82118E+01
    0.56387E+01    0.79162E+01
    0.57526E+01    0.76296E+01
    0.58689E+01    0.73517E+01
    0.59874E+01    0.70824E+01
    0.61084E+01    0.68216E+01
    0.62318E+01    0.65690E+01
    0.63577E+01    0.63244E+01
    0.64861E+01    0.60877E+01
    0.66171E+01    0.58587E+01
    0.67508E+01    0.56371E+01
    0.68872E+01    0.54229E+01
    0.70263E+01    0.52157E+01
    0.71682E+01    0.50156E+01
    0.73130E+01    0.48222E+01
    0.74608E+01    0.46354E+01
    0.76115E+01    0.44550E+01
    0.77653E+01    0.42808E+01
    0.79221E+01    0.41128E+01
    0.80822E+01    0.39506E+01
    0.82454E+01    0.37942E+01
    0.84120E+01    0.36434E+01
    0.85819E+01    0.34979E+01
    0.87553E+01    0.33578E+01
    0.89322E+01    0.32227E+01
    0.91126E+01    0.30926E+01
    0.92967E+01    0.29672E+01
    0.94845E+01    0.28465E+01
    0.96761E+01    0.27304E+01
    0.98716E+01    0.26185E+01
    0.10071E+02    0.25109E+01
    0.10274E+02    0.24074E+01
    0.10482E+02    0.23078E+01
    0.10694E+02    0.22120E+01
    0.10910E+02    0.21200E+01
    0.11130E+02    0.20315E+01
    0.11355E+02    0.19464E+01
    0.11584E+02    0.18647E+01
    0.11818E+02    0.17862E+01
    0.12057E+02    0.17107E+01
    0.12301E+02    0.16383E+01
    0.12549E+02    0.15688E+01
    0.12803E+02    0.15020E+01
    0.13061E+02    0.14379E+01
    0.13325E+02    0.13764E+01
    0.13594E+02    0.13174E+01
    0.13869E+02    0.12608E+01
    0.14149E+02    0.12065E+01
    0.14435E+02    0.11545E+01
    0.14727E+02    0.11045E+01
    0.15024E+02    0.10567E+01
    0.15328E+02    0.10108E+01
    0.15637E+02    0.96678E+00
    0.15953E+02    0.92463E+00
    0.16275E+02    0.88424E+00
    0.16604E+02    0.84554E+00
    0.16940E+02    0.80847E+00
    0.17282E+02    0.77296E+00
    0.17631E+02    0.73896E+00
    0.17987E+02    0.70639E+00
    0.18351E+02    0.67521E+00
    0.18721E+02    0.64536E+00
    0.19099E+02    0.61679E+00
    0.19485E+02    0.58943E+00
    0.19879E+02    0.56326E+00
    0.20280E+02    0.53821E+00
    0.20690E+02    0.51424E+00
    0.21108E+02    0.49131E+00
    0.21535E+02    0.46937E+00
    0.21970E+02    0.44838E+00
    0.22413E+02    0.42831E+00
    0.22866E+02    0.40911E+00
    0.23328E+02    0.39075E+00
    0.23799E+02    0.37320E+00
    0.24280E+02    0.35641E+00
    0.24771E+02    0.34036E+00
    0.25271E+02    0.32502E+00
    0.25782E+02    0.31036E+00
    0.26302E+02    0.29634E+00
    0.26834E+02    0.28294E+00
    0.27376E+02    0.27014E+00
    0.27929E+02    0.25790E+00
    0.28493E+02    0.24621E+00
    0.29069E+02    0.23504E+00
    0.29656E+02    0.22436E+00
    0.30255E+02    0.21416E+00
    0.30866E+02    0.20442E+00
    0.31490E+02    0.19511E+00
    0.32126E+02    0.18622E+00
    0.32775E+02    0.17773E+00
    0.33437E+02    0.16962E+00
    0.34112E+02    0.16188E+00
    0.34801E+02    0.15448E+00
    0.35504E+02    0.14742E+00
    0.36222E+02    0.14067E+00
    0.36953E+02    0.13423E+00
    0.37700E+02    0.12808E+00
    0.38462E+02    0.12221E+00
    0.39239E+02    0.11660E+00
    0.40031E+02    0.11125E+00
    0.40840E+02    0.10614E+00
    0.41665E+02    0.10127E+00
    0.42507E+02    0.96613E-01
    0.43365E+02    0.92170E-01
    0.44241E+02    0.87929E-01
    0.45135E+02    0.83881E-01
    0.46047E+02    0.80018E-01
    0.46977E+02    0.76330E-01
    0.47926E+02    0.72811E-01
    0.48894E+02    0.69452E-01
    0.49882E+02    0.66246E-01
    0.50890E+02    0.63188E-01
    0.51918E+02    0.60269E-01
    0.52966E+02    0.57484E-01
    0.54036E+02    0.54827E-01
    0.55128E+02    0.52292E-01
    0.56242E+02    0.49874E-01
    0.57378E+02    0.47568E-01
    0.58537E+02    0.45368E-01
