    0.10000E-03    0.63370E+02
    0.10202E-03    0.64598E+02
    0.10408E-03    0.65850E+02
    0.10618E-03    0.67126E+02
    0.10833E-03    0.68426E+02
    0.11052E-03    0.69752E+02
    0.11275E-03    0.71104E+02
    0.11503E-03    0.72481E+02
    0.11735E-03    0.73885E+02
    0.11972E-03    0.75317E+02
    0.12214E-03    0.76776E+02
    0.12461E-03    0.78263E+02
    0.12712E-03    0.79779E+02
    0.12969E-03    0.81324E+02
    0.13231E-03    0.82899E+02
    0.13499E-03    0.84505E+02
    0.13771E-03    0.86142E+02
    0.14049E-03    0.87810E+02
    0.14333E-03    0.89511E+02
    0.14623E-03    0.91244E+02
    0.14918E-03    0.93011E+02
    0.15220E-03    0.94813E+02
    0.15527E-03    0.96648E+02
    0.15841E-03    0.98520E+02
    0.16161E-03    0.10043E+03
    0.16487E-03    0.10237E+03
    0.16820E-03    0.10435E+03
    0.17160E-03    0.10637E+03
    0.17507E-03    0.10843E+03
    0.17860E-03    0.11053E+03
    0.18221E-03    0.11267E+03
    0.18589E-03    0.11485E+03
    0.18965E-03    0.11707E+03
    0.19348E-03    0.11934E+03
    0.19739E-03    0.12165E+03
    0.20138E-03    0.12400E+03
    0.20544E-03    0.12640E+03
    0.20959E-03    0.12885E+03
    0.21383E-03    0.13134E+03
    0.21815E-03    0.13388E+03
    0.22255E-03    0.13647E+03
    0.22705E-03    0.13911E+03
    0.23164E-03    0.14180E+03
    0.23632E-03    0.14454E+03
    0.24109E-03    0.14734E+03
    0.24596E-03    0.15018E+03
    0.25093E-03    0.15309E+03
    0.25600E-03    0.15605E+03
    0.26117E-03    0.15906E+03
    0.26645E-03    0.16214E+03
    0.27183E-03    0.16527E+03
    0.27732E-03    0.16846E+03
    0.28292E-03    0.17171E+03
    0.28864E-03    0.17503E+03
    0.29447E-03    0.17841E+03
    0.30042E-03    0.18185E+03
    0.30649E-03    0.18536E+03
    0.31268E-03    0.18894E+03
    0.31899E-03    0.19259E+03
    0.32544E-03    0.19630E+03
    0.33201E-03    0.20009E+03
    0.33872E-03    0.20395E+03
    0.34556E-03    0.20788E+03
    0.35254E-03    0.21189E+03
    0.35966E-03    0.21597E+03
    0.36693E-03    0.22013E+03
    0.37434E-03    0.22437E+03
    0.38190E-03    0.22869E+03
    0.38962E-03    0.23310E+03
    0.39749E-03    0.23758E+03
    0.40552E-03    0.24216E+03
    0.41371E-03    0.24681E+03
    0.42207E-03    0.25156E+03
    0.43060E-03    0.25640E+03
    0.43929E-03    0.26132E+03
    0.44817E-03    0.26635E+03
    0.45722E-03    0.27146E+03
    0.46646E-03    0.27667E+03
    0.47588E-03    0.28198E+03
    0.48550E-03    0.28739E+03
    0.49530E-03    0.29290E+03
    0.50531E-03    0.29852E+03
    0.51552E-03    0.30424E+03
    0.52593E-03    0.31006E+03
    0.53656E-03    0.31600E+03
    0.54739E-03    0.32205E+03
    0.55845E-03    0.32820E+03
    0.56973E-03    0.33448E+03
    0.58124E-03    0.34087E+03
    0.59299E-03    0.34738E+03
    0.60496E-03    0.35400E+03
    0.61719E-03    0.36075E+03
    0.62965E-03    0.36763E+03
    0.64237E-03    0.37463E+03
    0.65535E-03    0.38176E+03
    0.66859E-03    0.38903E+03
    0.68210E-03    0.39642E+03
    0.69588E-03    0.40395E+03
    0.70993E-03    0.41162E+03
    0.72427E-03    0.41942E+03
    0.73891E-03    0.42737E+03
    0.75383E-03    0.43546E+03
    0.76906E-03    0.44370E+03
    0.78460E-03    0.45209E+03
    0.80045E-03    0.46063E+03
    0.81662E-03    0.46932E+03
    0.83311E-03    0.47816E+03
    0.84994E-03    0.48717E+03
    0.86711E-03    0.49633E+03
    0.88463E-03    0.50566E+03
    0.90250E-03    0.51515E+03
    0.92073E-03    0.52481E+03
    0.93933E-03    0.53464E+03
    0.95831E-03    0.54464E+03
    0.97767E-03    0.55481E+03
    0.99742E-03    0.56516E+03
    0.10176E-02    0.57570E+03
    0.10381E-02    0.58641E+03
    0.10591E-02    0.59731E+03
    0.10805E-02    0.60840E+03
    0.11023E-02    0.61967E+03
    0.11246E-02    0.63114E+03
    0.11473E-02    0.64280E+03
    0.11705E-02    0.65466E+03
    0.11941E-02    0.66672E+03
    0.12182E-02    0.67898E+03
    0.12429E-02    0.69145E+03
    0.12680E-02    0.70412E+03
    0.12936E-02    0.71700E+03
    0.13197E-02    0.73010E+03
    0.13464E-02    0.74341E+03
    0.13736E-02    0.75693E+03
    0.14013E-02    0.77068E+03
    0.14296E-02    0.78464E+03
    0.14585E-02    0.79884E+03
    0.14880E-02    0.81326E+03
    0.15180E-02    0.82790E+03
    0.15487E-02    0.84278E+03
    0.15800E-02    0.85789E+03
    0.16119E-02    0.87324E+03
    0.16445E-02    0.88883E+03
    0.16777E-02    0.90465E+03
    0.17116E-02    0.92072E+03
    0.17462E-02    0.93704E+03
    0.17814E-02    0.95359E+03
    0.18174E-02    0.97040E+03
    0.18541E-02    0.98746E+03
    0.18916E-02    0.10048E+04
    0.19298E-02    0.10223E+04
    0.19688E-02    0.10401E+04
    0.20086E-02    0.10582E+04
    0.20491E-02    0.10765E+04
    0.20905E-02    0.10951E+04
    0.21328E-02    0.11140E+04
    0.21758E-02    0.11331E+04
    0.22198E-02    0.11525E+04
    0.22646E-02    0.11721E+04
    0.23104E-02    0.11920E+04
    0.23571E-02    0.12121E+04
    0.24047E-02    0.12326E+04
    0.24533E-02    0.12533E+04
    0.25028E-02    0.12742E+04
    0.25534E-02    0.12954E+04
    0.26050E-02    0.13169E+04
    0.26576E-02    0.13386E+04
    0.27113E-02    0.13607E+04
    0.27660E-02    0.13829E+04
    0.28219E-02    0.14055E+04
    0.28789E-02    0.14282E+04
    0.29371E-02    0.14513E+04
    0.29964E-02    0.14746E+04
    0.30569E-02    0.14982E+04
    0.31187E-02    0.15220E+04
    0.31817E-02    0.15460E+04
    0.32460E-02    0.15703E+04
    0.33115E-02    0.15949E+04
    0.33784E-02    0.16197E+04
    0.34467E-02    0.16447E+04
    0.35163E-02    0.16700E+04
    0.35874E-02    0.16955E+04
    0.36598E-02    0.17212E+04
    0.37338E-02    0.17472E+04
    0.38092E-02    0.17733E+04
    0.38861E-02    0.17997E+04
    0.39646E-02    0.18263E+04
    0.40447E-02    0.18531E+04
    0.41264E-02    0.18800E+04
    0.42098E-02    0.19072E+04
    0.42948E-02    0.19346E+04
    0.43816E-02    0.19621E+04
    0.44701E-02    0.19898E+04
    0.45604E-02    0.20176E+04
    0.46525E-02    0.20455E+04
    0.47465E-02    0.20735E+04
    0.48424E-02    0.21016E+04
    0.49402E-02    0.21298E+04
    0.50400E-02    0.21581E+04
    0.51419E-02    0.21865E+04
    0.52457E-02    0.22151E+04
    0.53517E-02    0.22438E+04
    0.54598E-02    0.22725E+04
    0.55701E-02    0.23013E+04
    0.56826E-02    0.23302E+04
    0.57974E-02    0.23590E+04
    0.59145E-02    0.23878E+04
    0.60340E-02    0.24166E+04
    0.61559E-02    0.24454E+04
    0.62803E-02    0.24741E+04
    0.64072E-02    0.25028E+04
    0.65366E-02    0.25314E+04
    0.66686E-02    0.25598E+04
    0.68033E-02    0.25882E+04
    0.69408E-02    0.26164E+04
    0.70810E-02    0.26445E+04
    0.72240E-02    0.26723E+04
    0.73700E-02    0.27000E+04
    0.75189E-02    0.27275E+04
    0.76708E-02    0.27547E+04
    0.78257E-02    0.27816E+04
    0.79838E-02    0.28082E+04
    0.81451E-02    0.28345E+04
    0.83096E-02    0.28605E+04
    0.84775E-02    0.28860E+04
    0.86488E-02    0.29112E+04
    0.88235E-02    0.29360E+04
    0.90017E-02    0.29603E+04
    0.91836E-02    0.29841E+04
    0.93691E-02    0.30074E+04
    0.95583E-02    0.30301E+04
    0.97514E-02    0.30523E+04
    0.99484E-02    0.30738E+04
    0.10149E-01    0.30948E+04
    0.10354E-01    0.31150E+04
    0.10564E-01    0.31345E+04
    0.10777E-01    0.31533E+04
    0.10995E-01    0.31714E+04
    0.11217E-01    0.31885E+04
    0.11443E-01    0.32049E+04
    0.11675E-01    0.32203E+04
    0.11910E-01    0.32349E+04
    0.12151E-01    0.32485E+04
    0.12397E-01    0.32611E+04
    0.12647E-01    0.32728E+04
    0.12902E-01    0.32835E+04
    0.13163E-01    0.32930E+04
    0.13429E-01    0.33012E+04
    0.13700E-01    0.33082E+04
    0.13977E-01    0.33137E+04
    0.14259E-01    0.33179E+04
    0.14547E-01    0.33209E+04
    0.14841E-01    0.33231E+04
    0.15141E-01    0.33246E+04
    0.15447E-01    0.33255E+04
    0.15759E-01    0.33256E+04
    0.16077E-01    0.33246E+04
    0.16402E-01    0.33220E+04
    0.16734E-01    0.33175E+04
    0.17072E-01    0.33108E+04
    0.17416E-01    0.33018E+04
    0.17768E-01    0.32909E+04
    0.18127E-01    0.32784E+04
    0.18493E-01    0.32644E+04
    0.18867E-01    0.32491E+04
    0.19248E-01    0.32324E+04
    0.19637E-01    0.32140E+04
    0.20034E-01    0.31938E+04
    0.20438E-01    0.31714E+04
    0.20851E-01    0.31468E+04
    0.21272E-01    0.31201E+04
    0.21702E-01    0.30917E+04
    0.22141E-01    0.30617E+04
    0.22588E-01    0.30305E+04
    0.23044E-01    0.29983E+04
    0.23510E-01    0.29651E+04
    0.23985E-01    0.29310E+04
    0.24469E-01    0.28958E+04
    0.24964E-01    0.28597E+04
    0.25468E-01    0.28226E+04
    0.25982E-01    0.27845E+04
    0.26507E-01    0.27453E+04
    0.27043E-01    0.27050E+04
    0.27589E-01    0.26636E+04
    0.28146E-01    0.26210E+04
    0.28715E-01    0.25776E+04
    0.29295E-01    0.25333E+04
    0.29887E-01    0.24883E+04
    0.30490E-01    0.24427E+04
    0.31106E-01    0.23968E+04
    0.31735E-01    0.23507E+04
    0.32376E-01    0.23045E+04
    0.33030E-01    0.22585E+04
    0.33697E-01    0.22129E+04
    0.34378E-01    0.21676E+04
    0.35072E-01    0.21230E+04
    0.35781E-01    0.20790E+04
    0.36504E-01    0.20357E+04
    0.37241E-01    0.19933E+04
    0.37993E-01    0.19517E+04
    0.38761E-01    0.19112E+04
    0.39544E-01    0.18716E+04
    0.40343E-01    0.18332E+04
    0.41158E-01    0.17960E+04
    0.41989E-01    0.17599E+04
    0.42838E-01    0.17253E+04
    0.43703E-01    0.16921E+04
    0.44586E-01    0.16605E+04
    0.45486E-01    0.16306E+04
    0.46405E-01    0.16023E+04
    0.47343E-01    0.15756E+04
    0.48299E-01    0.15503E+04
    0.49275E-01    0.15262E+04
    0.50270E-01    0.15033E+04
    0.51286E-01    0.14815E+04
    0.52322E-01    0.14606E+04
    0.53379E-01    0.14406E+04
    0.54457E-01    0.14213E+04
    0.55557E-01    0.14026E+04
    0.56680E-01    0.13841E+04
    0.57825E-01    0.13658E+04
    0.58993E-01    0.13473E+04
    0.60184E-01    0.13287E+04
    0.61400E-01    0.13096E+04
    0.62641E-01    0.12899E+04
    0.63906E-01    0.12694E+04
    0.65197E-01    0.12476E+04
    0.66514E-01    0.12245E+04
    0.67858E-01    0.12001E+04
    0.69229E-01    0.11749E+04
    0.70627E-01    0.11490E+04
    0.72054E-01    0.11221E+04
    0.73510E-01    0.10935E+04
    0.74994E-01    0.10628E+04
    0.76509E-01    0.10303E+04
    0.78055E-01    0.99678E+03
    0.79632E-01    0.96278E+03
    0.81241E-01    0.92854E+03
    0.82882E-01    0.89424E+03
    0.84556E-01    0.86023E+03
    0.86264E-01    0.82688E+03
    0.88007E-01    0.79456E+03
    0.89785E-01    0.76364E+03
    0.91598E-01    0.73442E+03
    0.93449E-01    0.70718E+03
    0.95337E-01    0.68213E+03
    0.97263E-01    0.65944E+03
    0.99227E-01    0.63917E+03
    0.10123E+00    0.62127E+03
    0.10328E+00    0.60566E+03
    0.10536E+00    0.59208E+03
    0.10749E+00    0.58026E+03
    0.10966E+00    0.56985E+03
    0.11188E+00    0.56041E+03
    0.11414E+00    0.55154E+03
    0.11644E+00    0.54273E+03
    0.11880E+00    0.53354E+03
    0.12120E+00    0.52355E+03
    0.12365E+00    0.51237E+03
    0.12614E+00    0.49978E+03
    0.12869E+00    0.48566E+03
    0.13129E+00    0.47007E+03
    0.13394E+00    0.45318E+03
    0.13665E+00    0.43529E+03
    0.13941E+00    0.41677E+03
    0.14223E+00    0.39808E+03
    0.14510E+00    0.37969E+03
    0.14803E+00    0.36214E+03
    0.15102E+00    0.34591E+03
    0.15407E+00    0.33141E+03
    0.15718E+00    0.31886E+03
    0.16036E+00    0.30828E+03
    0.16360E+00    0.29946E+03
    0.16690E+00    0.29210E+03
    0.17028E+00    0.28580E+03
    0.17371E+00    0.28011E+03
    0.17722E+00    0.27458E+03
    0.18080E+00    0.26873E+03
    0.18446E+00    0.26209E+03
    0.18818E+00    0.25440E+03
    0.19198E+00    0.24559E+03
    0.19586E+00    0.23589E+03
    0.19982E+00    0.22568E+03
    0.20386E+00    0.21537E+03
    0.20797E+00    0.20541E+03
    0.21218E+00    0.19619E+03
    0.21646E+00    0.18803E+03
    0.22083E+00    0.18108E+03
    0.22530E+00    0.17528E+03
    0.22985E+00    0.17040E+03
    0.23449E+00    0.16608E+03
    0.23923E+00    0.16191E+03
    0.24406E+00    0.15752E+03
    0.24899E+00    0.15265E+03
    0.25402E+00    0.14721E+03
    0.25915E+00    0.14133E+03
    0.26439E+00    0.13529E+03
    0.26973E+00    0.12938E+03
    0.27518E+00    0.12390E+03
    0.28074E+00    0.11904E+03
    0.28641E+00    0.11484E+03
    0.29219E+00    0.11119E+03
    0.29810E+00    0.10786E+03
    0.30412E+00    0.10457E+03
    0.31026E+00    0.10116E+03
    0.31653E+00    0.97524E+02
    0.32292E+00    0.93711E+02
    0.32945E+00    0.89890E+02
    0.33610E+00    0.86254E+02
    0.34289E+00    0.82920E+02
    0.34982E+00    0.79922E+02
    0.35689E+00    0.77210E+02
    0.36409E+00    0.74647E+02
    0.37145E+00    0.72097E+02
    0.37895E+00    0.69497E+02
    0.38661E+00    0.66860E+02
    0.39442E+00    0.64263E+02
    0.40239E+00    0.61798E+02
    0.41052E+00    0.59509E+02
    0.41881E+00    0.57389E+02
    0.42727E+00    0.55379E+02
    0.43590E+00    0.53415E+02
    0.44471E+00    0.51466E+02
    0.45369E+00    0.49542E+02
    0.46286E+00    0.47684E+02
    0.47221E+00    0.45924E+02
    0.48174E+00    0.44264E+02
    0.49148E+00    0.42683E+02
    0.50141E+00    0.41148E+02
    0.51153E+00    0.39649E+02
    0.52187E+00    0.38193E+02
    0.53241E+00    0.36797E+02
    0.54317E+00    0.35465E+02
    0.55414E+00    0.34190E+02
    0.56533E+00    0.32959E+02
    0.57675E+00    0.31772E+02
    0.58840E+00    0.30629E+02
    0.60029E+00    0.29529E+02
    0.61242E+00    0.28471E+02
    0.62479E+00    0.27454E+02
    0.63741E+00    0.26476E+02
    0.65029E+00    0.25535E+02
    0.66342E+00    0.24631E+02
    0.67683E+00    0.23760E+02
    0.69050E+00    0.22923E+02
    0.70445E+00    0.22118E+02
    0.71868E+00    0.21343E+02
    0.73320E+00    0.20598E+02
    0.74801E+00    0.19880E+02
    0.76312E+00    0.19190E+02
    0.77854E+00    0.18527E+02
    0.79426E+00    0.17888E+02
    0.81031E+00    0.17274E+02
    0.82668E+00    0.16682E+02
    0.84338E+00    0.16114E+02
    0.86041E+00    0.15566E+02
    0.87780E+00    0.15040E+02
    0.89553E+00    0.14533E+02
    0.91362E+00    0.14046E+02
    0.93208E+00    0.13576E+02
    0.95091E+00    0.13125E+02
    0.97011E+00    0.12690E+02
    0.98971E+00    0.12272E+02
    0.10097E+01    0.11869E+02
    0.10301E+01    0.11481E+02
    0.10509E+01    0.11108E+02
    0.10721E+01    0.10749E+02
    0.10938E+01    0.10402E+02
    0.11159E+01    0.10069E+02
    0.11384E+01    0.97478E+01
    0.11614E+01    0.94383E+01
    0.11849E+01    0.91402E+01
    0.12088E+01    0.88529E+01
    0.12333E+01    0.85759E+01
    0.12582E+01    0.83090E+01
    0.12836E+01    0.80517E+01
    0.13095E+01    0.78036E+01
    0.13360E+01    0.75643E+01
    0.13630E+01    0.73335E+01
    0.13905E+01    0.71109E+01
    0.14186E+01    0.68961E+01
    0.14472E+01    0.66889E+01
    0.14765E+01    0.64888E+01
    0.15063E+01    0.62957E+01
    0.15367E+01    0.61093E+01
    0.15678E+01    0.59292E+01
    0.15994E+01    0.57553E+01
    0.16318E+01    0.55872E+01
    0.16647E+01    0.54249E+01
    0.16984E+01    0.52680E+01
    0.17327E+01    0.51163E+01
    0.17677E+01    0.49697E+01
    0.18034E+01    0.48279E+01
    0.18398E+01    0.46907E+01
    0.18770E+01    0.45579E+01
    0.19149E+01    0.44295E+01
    0.19536E+01    0.43052E+01
    0.19930E+01    0.41848E+01
    0.20333E+01    0.40683E+01
    0.20744E+01    0.39554E+01
    0.21163E+01    0.38460E+01
    0.21590E+01    0.37400E+01
    0.22026E+01    0.36373E+01
    0.22471E+01    0.35377E+01
    0.22925E+01    0.34412E+01
    0.23388E+01    0.33475E+01
    0.23861E+01    0.32567E+01
    0.24343E+01    0.31685E+01
    0.24835E+01    0.30830E+01
    0.25336E+01    0.29999E+01
    0.25848E+01    0.29192E+01
    0.26370E+01    0.28409E+01
    0.26903E+01    0.27648E+01
    0.27447E+01    0.26909E+01
    0.28001E+01    0.26190E+01
    0.28567E+01    0.25492E+01
    0.29144E+01    0.24813E+01
    0.29733E+01    0.24153E+01
    0.30333E+01    0.23510E+01
    0.30946E+01    0.22886E+01
    0.31571E+01    0.22278E+01
    0.32209E+01    0.21686E+01
    0.32860E+01    0.21110E+01
    0.33523E+01    0.20549E+01
    0.34201E+01    0.20003E+01
    0.34892E+01    0.19471E+01
    0.35596E+01    0.18953E+01
    0.36316E+01    0.18449E+01
    0.37049E+01    0.17957E+01
    0.37798E+01    0.17478E+01
    0.38561E+01    0.17011E+01
    0.39340E+01    0.16556E+01
    0.40135E+01    0.16112E+01
    0.40946E+01    0.15679E+01
    0.41773E+01    0.15257E+01
    0.42617E+01    0.14845E+01
    0.43478E+01    0.14444E+01
    0.44356E+01    0.14052E+01
    0.45252E+01    0.13670E+01
    0.46166E+01    0.13298E+01
    0.47099E+01    0.12934E+01
    0.48050E+01    0.12579E+01
    0.49021E+01    0.12233E+01
    0.50011E+01    0.11895E+01
    0.51021E+01    0.11565E+01
    0.52052E+01    0.11244E+01
    0.53104E+01    0.10930E+01
    0.54176E+01    0.10623E+01
    0.55271E+01    0.10324E+01
    0.56387E+01    0.10032E+01
    0.57526E+01    0.97470E+00
    0.58689E+01    0.94688E+00
    0.59874E+01    0.91974E+00
    0.61084E+01    0.89326E+00
    0.62318E+01    0.86741E+00
    0.63577E+01    0.84218E+00
    0.64861E+01    0.81757E+00
    0.66171E+01    0.79356E+00
    0.67508E+01    0.77013E+00
    0.68872E+01    0.74727E+00
    0.70263E+01    0.72497E+00
    0.71682E+01    0.70322E+00
    0.73130E+01    0.68201E+00
    0.74608E+01    0.66133E+00
    0.76115E+01    0.64116E+00
    0.77653E+01    0.62150E+00
    0.79221E+01    0.60233E+00
    0.80822E+01    0.58365E+00
    0.82454E+01    0.56544E+00
    0.84120E+01    0.54770E+00
    0.85819E+01    0.53042E+00
    0.87553E+01    0.51358E+00
    0.89322E+01    0.49719E+00
    0.91126E+01    0.48122E+00
    0.92967E+01    0.46568E+00
    0.94845E+01    0.45055E+00
    0.96761E+01    0.43582E+00
    0.98716E+01    0.42150E+00
    0.10071E+02    0.40756E+00
    0.10274E+02    0.39400E+00
    0.10482E+02    0.38082E+00
    0.10694E+02    0.36801E+00
    0.10910E+02    0.35555E+00
    0.11130E+02    0.34345E+00
    0.11355E+02    0.33169E+00
    0.11584E+02    0.32026E+00
    0.11818E+02    0.30917E+00
    0.12057E+02    0.29840E+00
    0.12301E+02    0.28795E+00
    0.12549E+02    0.27780E+00
    0.12803E+02    0.26796E+00
    0.13061E+02    0.25841E+00
    0.13325E+02    0.24915E+00
    0.13594E+02    0.24018E+00
    0.13869E+02    0.23148E+00
    0.14149E+02    0.22305E+00
    0.14435E+02    0.21489E+00
    0.14727E+02    0.20698E+00
    0.15024E+02    0.19932E+00
    0.15328E+02    0.19190E+00
    0.15637E+02    0.18473E+00
    0.15953E+02    0.17779E+00
    0.16275E+02    0.17107E+00
    0.16604E+02    0.16458E+00
    0.16940E+02    0.15830E+00
    0.17282E+02    0.15223E+00
    0.17631E+02    0.14636E+00
    0.17987E+02    0.14069E+00
    0.18351E+02    0.13522E+00
    0.18721E+02    0.12994E+00
    0.19099E+02    0.12483E+00
    0.19485E+02    0.11991E+00
    0.19879E+02    0.11516E+00
    0.20280E+02    0.11057E+00
    0.20690E+02    0.10615E+00
    0.21108E+02    0.10189E+00
    0.21535E+02    0.97777E-01
    0.21970E+02    0.93816E-01
    0.22413E+02    0.90000E-01
    0.22866E+02    0.86324E-01
    0.23328E+02    0.82784E-01
    0.23799E+02    0.79375E-01
    0.24280E+02    0.76094E-01
    0.24771E+02    0.72937E-01
    0.25271E+02    0.69899E-01
    0.25782E+02    0.66977E-01
    0.26302E+02    0.64166E-01
    0.26834E+02    0.61464E-01
    0.27376E+02    0.58867E-01
    0.27929E+02    0.56371E-01
    0.28493E+02    0.53973E-01
    0.29069E+02    0.51669E-01
    0.29656E+02    0.49456E-01
    0.30255E+02    0.47331E-01
    0.30866E+02    0.45292E-01
    0.31490E+02    0.43334E-01
    0.32126E+02    0.41455E-01
    0.32775E+02    0.39653E-01
    0.33437E+02    0.37924E-01
    0.34112E+02    0.36266E-01
    0.34801E+02    0.34676E-01
    0.35504E+02    0.33151E-01
    0.36222E+02    0.31690E-01
    0.36953E+02    0.30290E-01
    0.37700E+02    0.28949E-01
    0.38462E+02    0.27664E-01
    0.39239E+02    0.26433E-01
    0.40031E+02    0.25255E-01
    0.40840E+02    0.24126E-01
    0.41665E+02    0.23046E-01
    0.42507E+02    0.22012E-01
    0.43365E+02    0.21022E-01
    0.44241E+02    0.20075E-01
    0.45135E+02    0.19168E-01
    0.46047E+02    0.18301E-01
    0.46977E+02    0.17471E-01
    0.47926E+02    0.16677E-01
    0.48894E+02    0.15917E-01
    0.49882E+02    0.15191E-01
    0.50890E+02    0.14497E-01
    0.51918E+02    0.13833E-01
    0.52966E+02    0.13199E-01
    0.54036E+02    0.12593E-01
    0.55128E+02    0.12014E-01
    0.56242E+02    0.11462E-01
    0.57378E+02    0.10934E-01
    0.58537E+02    0.10431E-01
