    0.10000E-03    0.11009E+03
    0.10202E-03    0.11223E+03
    0.10408E-03    0.11440E+03
    0.10618E-03    0.11662E+03
    0.10833E-03    0.11888E+03
    0.11052E-03    0.12118E+03
    0.11275E-03    0.12353E+03
    0.11503E-03    0.12592E+03
    0.11735E-03    0.12836E+03
    0.11972E-03    0.13085E+03
    0.12214E-03    0.13338E+03
    0.12461E-03    0.13596E+03
    0.12712E-03    0.13860E+03
    0.12969E-03    0.14128E+03
    0.13231E-03    0.14402E+03
    0.13499E-03    0.14681E+03
    0.13771E-03    0.14965E+03
    0.14049E-03    0.15255E+03
    0.14333E-03    0.15550E+03
    0.14623E-03    0.15852E+03
    0.14918E-03    0.16158E+03
    0.15220E-03    0.16471E+03
    0.15527E-03    0.16790E+03
    0.15841E-03    0.17115E+03
    0.16161E-03    0.17447E+03
    0.16487E-03    0.17784E+03
    0.16820E-03    0.18129E+03
    0.17160E-03    0.18480E+03
    0.17507E-03    0.18837E+03
    0.17860E-03    0.19202E+03
    0.18221E-03    0.19574E+03
    0.18589E-03    0.19952E+03
    0.18965E-03    0.20338E+03
    0.19348E-03    0.20732E+03
    0.19739E-03    0.21133E+03
    0.20138E-03    0.21542E+03
    0.20544E-03    0.21959E+03
    0.20959E-03    0.22383E+03
    0.21383E-03    0.22816E+03
    0.21815E-03    0.23258E+03
    0.22255E-03    0.23707E+03
    0.22705E-03    0.24166E+03
    0.23164E-03    0.24633E+03
    0.23632E-03    0.25109E+03
    0.24109E-03    0.25595E+03
    0.24596E-03    0.26089E+03
    0.25093E-03    0.26594E+03
    0.25600E-03    0.27107E+03
    0.26117E-03    0.27631E+03
    0.26645E-03    0.28165E+03
    0.27183E-03    0.28709E+03
    0.27732E-03    0.29263E+03
    0.28292E-03    0.29828E+03
    0.28864E-03    0.30404E+03
    0.29447E-03    0.30991E+03
    0.30042E-03    0.31589E+03
    0.30649E-03    0.32199E+03
    0.31268E-03    0.32820E+03
    0.31899E-03    0.33453E+03
    0.32544E-03    0.34098E+03
    0.33201E-03    0.34756E+03
    0.33872E-03    0.35426E+03
    0.34556E-03    0.36109E+03
    0.35254E-03    0.36805E+03
    0.35966E-03    0.37514E+03
    0.36693E-03    0.38236E+03
    0.37434E-03    0.38972E+03
    0.38190E-03    0.39723E+03
    0.38962E-03    0.40487E+03
    0.39749E-03    0.41266E+03
    0.40552E-03    0.42060E+03
    0.41371E-03    0.42868E+03
    0.42207E-03    0.43692E+03
    0.43060E-03    0.44532E+03
    0.43929E-03    0.45387E+03
    0.44817E-03    0.46259E+03
    0.45722E-03    0.47147E+03
    0.46646E-03    0.48051E+03
    0.47588E-03    0.48973E+03
    0.48550E-03    0.49912E+03
    0.49530E-03    0.50868E+03
    0.50531E-03    0.51843E+03
    0.51552E-03    0.52836E+03
    0.52593E-03    0.53847E+03
    0.53656E-03    0.54877E+03
    0.54739E-03    0.55926E+03
    0.55845E-03    0.56995E+03
    0.56973E-03    0.58083E+03
    0.58124E-03    0.59192E+03
    0.59299E-03    0.60321E+03
    0.60496E-03    0.61471E+03
    0.61719E-03    0.62643E+03
    0.62965E-03    0.63835E+03
    0.64237E-03    0.65050E+03
    0.65535E-03    0.66287E+03
    0.66859E-03    0.67547E+03
    0.68210E-03    0.68830E+03
    0.69588E-03    0.70136E+03
    0.70993E-03    0.71466E+03
    0.72427E-03    0.72820E+03
    0.73891E-03    0.74198E+03
    0.75383E-03    0.75602E+03
    0.76906E-03    0.77031E+03
    0.78460E-03    0.78485E+03
    0.80045E-03    0.79966E+03
    0.81662E-03    0.81473E+03
    0.83311E-03    0.83007E+03
    0.84994E-03    0.84568E+03
    0.86711E-03    0.86157E+03
    0.88463E-03    0.87775E+03
    0.90250E-03    0.89420E+03
    0.92073E-03    0.91095E+03
    0.93933E-03    0.92799E+03
    0.95831E-03    0.94533E+03
    0.97767E-03    0.96298E+03
    0.99742E-03    0.98093E+03
    0.10176E-02    0.99919E+03
    0.10381E-02    0.10178E+04
    0.10591E-02    0.10367E+04
    0.10805E-02    0.10559E+04
    0.11023E-02    0.10754E+04
    0.11246E-02    0.10953E+04
    0.11473E-02    0.11155E+04
    0.11705E-02    0.11361E+04
    0.11941E-02    0.11570E+04
    0.12182E-02    0.11783E+04
    0.12429E-02    0.11999E+04
    0.12680E-02    0.12218E+04
    0.12936E-02    0.12442E+04
    0.13197E-02    0.12669E+04
    0.13464E-02    0.12900E+04
    0.13736E-02    0.13134E+04
    0.14013E-02    0.13373E+04
    0.14296E-02    0.13615E+04
    0.14585E-02    0.13861E+04
    0.14880E-02    0.14111E+04
    0.15180E-02    0.14365E+04
    0.15487E-02    0.14623E+04
    0.15800E-02    0.14885E+04
    0.16119E-02    0.15151E+04
    0.16445E-02    0.15421E+04
    0.16777E-02    0.15696E+04
    0.17116E-02    0.15975E+04
    0.17462E-02    0.16258E+04
    0.17814E-02    0.16545E+04
    0.18174E-02    0.16836E+04
    0.18541E-02    0.17132E+04
    0.18916E-02    0.17432E+04
    0.19298E-02    0.17737E+04
    0.19688E-02    0.18046E+04
    0.20086E-02    0.18359E+04
    0.20491E-02    0.18677E+04
    0.20905E-02    0.18999E+04
    0.21328E-02    0.19326E+04
    0.21758E-02    0.19658E+04
    0.22198E-02    0.19994E+04
    0.22646E-02    0.20334E+04
    0.23104E-02    0.20679E+04
    0.23571E-02    0.21029E+04
    0.24047E-02    0.21383E+04
    0.24533E-02    0.21742E+04
    0.25028E-02    0.22105E+04
    0.25534E-02    0.22473E+04
    0.26050E-02    0.22846E+04
    0.26576E-02    0.23223E+04
    0.27113E-02    0.23604E+04
    0.27660E-02    0.23991E+04
    0.28219E-02    0.24381E+04
    0.28789E-02    0.24777E+04
    0.29371E-02    0.25176E+04
    0.29964E-02    0.25581E+04
    0.30569E-02    0.25989E+04
    0.31187E-02    0.26402E+04
    0.31817E-02    0.26820E+04
    0.32460E-02    0.27241E+04
    0.33115E-02    0.27667E+04
    0.33784E-02    0.28097E+04
    0.34467E-02    0.28531E+04
    0.35163E-02    0.28970E+04
    0.35874E-02    0.29412E+04
    0.36598E-02    0.29858E+04
    0.37338E-02    0.30308E+04
    0.38092E-02    0.30762E+04
    0.38861E-02    0.31219E+04
    0.39646E-02    0.31680E+04
    0.40447E-02    0.32145E+04
    0.41264E-02    0.32613E+04
    0.42098E-02    0.33084E+04
    0.42948E-02    0.33559E+04
    0.43816E-02    0.34037E+04
    0.44701E-02    0.34517E+04
    0.45604E-02    0.34999E+04
    0.46525E-02    0.35482E+04
    0.47465E-02    0.35966E+04
    0.48424E-02    0.36451E+04
    0.49402E-02    0.36937E+04
    0.50400E-02    0.37426E+04
    0.51419E-02    0.37917E+04
    0.52457E-02    0.38412E+04
    0.53517E-02    0.38908E+04
    0.54598E-02    0.39407E+04
    0.55701E-02    0.39907E+04
    0.56826E-02    0.40407E+04
    0.57974E-02    0.40907E+04
    0.59145E-02    0.41406E+04
    0.60340E-02    0.41905E+04
    0.61559E-02    0.42404E+04
    0.62803E-02    0.42901E+04
    0.64072E-02    0.43398E+04
    0.65366E-02    0.43893E+04
    0.66686E-02    0.44387E+04
    0.68033E-02    0.44878E+04
    0.69408E-02    0.45367E+04
    0.70810E-02    0.45853E+04
    0.72240E-02    0.46336E+04
    0.73700E-02    0.46816E+04
    0.75189E-02    0.47291E+04
    0.76708E-02    0.47762E+04
    0.78257E-02    0.48228E+04
    0.79838E-02    0.48690E+04
    0.81451E-02    0.49145E+04
    0.83096E-02    0.49595E+04
    0.84775E-02    0.50038E+04
    0.86488E-02    0.50474E+04
    0.88235E-02    0.50902E+04
    0.90017E-02    0.51323E+04
    0.91836E-02    0.51735E+04
    0.93691E-02    0.52138E+04
    0.95583E-02    0.52532E+04
    0.97514E-02    0.52916E+04
    0.99484E-02    0.53289E+04
    0.10149E-01    0.53651E+04
    0.10354E-01    0.54001E+04
    0.10564E-01    0.54339E+04
    0.10777E-01    0.54665E+04
    0.10995E-01    0.54976E+04
    0.11217E-01    0.55273E+04
    0.11443E-01    0.55556E+04
    0.11675E-01    0.55823E+04
    0.11910E-01    0.56074E+04
    0.12151E-01    0.56309E+04
    0.12397E-01    0.56528E+04
    0.12647E-01    0.56729E+04
    0.12902E-01    0.56913E+04
    0.13163E-01    0.57077E+04
    0.13429E-01    0.57219E+04
    0.13700E-01    0.57338E+04
    0.13977E-01    0.57433E+04
    0.14259E-01    0.57505E+04
    0.14547E-01    0.57557E+04
    0.14841E-01    0.57594E+04
    0.15141E-01    0.57618E+04
    0.15447E-01    0.57633E+04
    0.15759E-01    0.57634E+04
    0.16077E-01    0.57616E+04
    0.16402E-01    0.57570E+04
    0.16734E-01    0.57490E+04
    0.17072E-01    0.57372E+04
    0.17416E-01    0.57216E+04
    0.17768E-01    0.57026E+04
    0.18127E-01    0.56807E+04
    0.18493E-01    0.56563E+04
    0.18867E-01    0.56297E+04
    0.19248E-01    0.56007E+04
    0.19637E-01    0.55687E+04
    0.20034E-01    0.55336E+04
    0.20438E-01    0.54947E+04
    0.20851E-01    0.54519E+04
    0.21272E-01    0.54056E+04
    0.21702E-01    0.53562E+04
    0.22141E-01    0.53041E+04
    0.22588E-01    0.52500E+04
    0.23044E-01    0.51941E+04
    0.23510E-01    0.51365E+04
    0.23985E-01    0.50772E+04
    0.24469E-01    0.50163E+04
    0.24964E-01    0.49536E+04
    0.25468E-01    0.48893E+04
    0.25982E-01    0.48231E+04
    0.26507E-01    0.47551E+04
    0.27043E-01    0.46852E+04
    0.27589E-01    0.46134E+04
    0.28146E-01    0.45397E+04
    0.28715E-01    0.44644E+04
    0.29295E-01    0.43876E+04
    0.29887E-01    0.43096E+04
    0.30490E-01    0.42307E+04
    0.31106E-01    0.41512E+04
    0.31735E-01    0.40713E+04
    0.32376E-01    0.39914E+04
    0.33030E-01    0.39117E+04
    0.33697E-01    0.38326E+04
    0.34378E-01    0.37543E+04
    0.35072E-01    0.36770E+04
    0.35781E-01    0.36008E+04
    0.36504E-01    0.35259E+04
    0.37241E-01    0.34524E+04
    0.37993E-01    0.33806E+04
    0.38761E-01    0.33104E+04
    0.39544E-01    0.32420E+04
    0.40343E-01    0.31755E+04
    0.41158E-01    0.31110E+04
    0.41989E-01    0.30487E+04
    0.42838E-01    0.29887E+04
    0.43703E-01    0.29313E+04
    0.44586E-01    0.28766E+04
    0.45486E-01    0.28249E+04
    0.46405E-01    0.27760E+04
    0.47343E-01    0.27297E+04
    0.48299E-01    0.26859E+04
    0.49275E-01    0.26442E+04
    0.50270E-01    0.26046E+04
    0.51286E-01    0.25668E+04
    0.52322E-01    0.25306E+04
    0.53379E-01    0.24958E+04
    0.54457E-01    0.24624E+04
    0.55557E-01    0.24298E+04
    0.56680E-01    0.23978E+04
    0.57825E-01    0.23660E+04
    0.58993E-01    0.23340E+04
    0.60184E-01    0.23015E+04
    0.61400E-01    0.22684E+04
    0.62641E-01    0.22343E+04
    0.63906E-01    0.21987E+04
    0.65197E-01    0.21610E+04
    0.66514E-01    0.21209E+04
    0.67858E-01    0.20787E+04
    0.69229E-01    0.20350E+04
    0.70627E-01    0.19903E+04
    0.72054E-01    0.19438E+04
    0.73510E-01    0.18944E+04
    0.74994E-01    0.18414E+04
    0.76509E-01    0.17854E+04
    0.78055E-01    0.17277E+04
    0.79632E-01    0.16692E+04
    0.81241E-01    0.16102E+04
    0.82882E-01    0.15512E+04
    0.84556E-01    0.14928E+04
    0.86264E-01    0.14354E+04
    0.88007E-01    0.13799E+04
    0.89785E-01    0.13268E+04
    0.91598E-01    0.12766E+04
    0.93449E-01    0.12297E+04
    0.95337E-01    0.11867E+04
    0.97263E-01    0.11476E+04
    0.99227E-01    0.11128E+04
    0.10123E+00    0.10819E+04
    0.10328E+00    0.10549E+04
    0.10536E+00    0.10314E+04
    0.10749E+00    0.10109E+04
    0.10966E+00    0.99277E+03
    0.11188E+00    0.97629E+03
    0.11414E+00    0.96075E+03
    0.11644E+00    0.94534E+03
    0.11880E+00    0.92926E+03
    0.12120E+00    0.91183E+03
    0.12365E+00    0.89240E+03
    0.12614E+00    0.87060E+03
    0.12869E+00    0.84624E+03
    0.13129E+00    0.81941E+03
    0.13394E+00    0.79042E+03
    0.13665E+00    0.75978E+03
    0.13941E+00    0.72810E+03
    0.14223E+00    0.69616E+03
    0.14510E+00    0.66475E+03
    0.14803E+00    0.63478E+03
    0.15102E+00    0.60705E+03
    0.15407E+00    0.58225E+03
    0.15718E+00    0.56073E+03
    0.16036E+00    0.54253E+03
    0.16360E+00    0.52729E+03
    0.16690E+00    0.51450E+03
    0.17028E+00    0.50347E+03
    0.17371E+00    0.49348E+03
    0.17722E+00    0.48376E+03
    0.18080E+00    0.47349E+03
    0.18446E+00    0.46194E+03
    0.18818E+00    0.44864E+03
    0.19198E+00    0.43351E+03
    0.19586E+00    0.41692E+03
    0.19982E+00    0.39949E+03
    0.20386E+00    0.38194E+03
    0.20797E+00    0.36499E+03
    0.21218E+00    0.34928E+03
    0.21646E+00    0.33534E+03
    0.22083E+00    0.32341E+03
    0.22530E+00    0.31339E+03
    0.22985E+00    0.30490E+03
    0.23449E+00    0.29733E+03
    0.23923E+00    0.29003E+03
    0.24406E+00    0.28238E+03
    0.24899E+00    0.27393E+03
    0.25402E+00    0.26457E+03
    0.25915E+00    0.25453E+03
    0.26439E+00    0.24422E+03
    0.26973E+00    0.23415E+03
    0.27518E+00    0.22479E+03
    0.28074E+00    0.21645E+03
    0.28641E+00    0.20922E+03
    0.29219E+00    0.20288E+03
    0.29810E+00    0.19705E+03
    0.30412E+00    0.19133E+03
    0.31026E+00    0.18540E+03
    0.31653E+00    0.17913E+03
    0.32292E+00    0.17258E+03
    0.32945E+00    0.16603E+03
    0.33610E+00    0.15979E+03
    0.34289E+00    0.15406E+03
    0.34982E+00    0.14887E+03
    0.35689E+00    0.14415E+03
    0.36409E+00    0.13968E+03
    0.37145E+00    0.13524E+03
    0.37895E+00    0.13073E+03
    0.38661E+00    0.12617E+03
    0.39442E+00    0.12168E+03
    0.40239E+00    0.11741E+03
    0.41052E+00    0.11344E+03
    0.41881E+00    0.10974E+03
    0.42727E+00    0.10622E+03
    0.43590E+00    0.10278E+03
    0.44471E+00    0.99381E+02
    0.45369E+00    0.96024E+02
    0.46286E+00    0.92781E+02
    0.47221E+00    0.89701E+02
    0.48174E+00    0.86784E+02
    0.49148E+00    0.84000E+02
    0.50141E+00    0.81294E+02
    0.51153E+00    0.78653E+02
    0.52187E+00    0.76085E+02
    0.53241E+00    0.73619E+02
    0.54317E+00    0.71260E+02
    0.55414E+00    0.68994E+02
    0.56533E+00    0.66804E+02
    0.57675E+00    0.64689E+02
    0.58840E+00    0.62647E+02
    0.60029E+00    0.60679E+02
    0.61242E+00    0.58781E+02
    0.62479E+00    0.56952E+02
    0.63741E+00    0.55189E+02
    0.65029E+00    0.53488E+02
    0.66342E+00    0.51848E+02
    0.67683E+00    0.50266E+02
    0.69050E+00    0.48739E+02
    0.70445E+00    0.47267E+02
    0.71868E+00    0.45845E+02
    0.73320E+00    0.44474E+02
    0.74801E+00    0.43150E+02
    0.76312E+00    0.41872E+02
    0.77854E+00    0.40638E+02
    0.79426E+00    0.39446E+02
    0.81031E+00    0.38295E+02
    0.82668E+00    0.37183E+02
    0.84338E+00    0.36109E+02
    0.86041E+00    0.35072E+02
    0.87780E+00    0.34069E+02
    0.89553E+00    0.33100E+02
    0.91362E+00    0.32164E+02
    0.93208E+00    0.31259E+02
    0.95091E+00    0.30383E+02
    0.97011E+00    0.29536E+02
    0.98971E+00    0.28717E+02
    0.10097E+01    0.27924E+02
    0.10301E+01    0.27157E+02
    0.10509E+01    0.26415E+02
    0.10721E+01    0.25696E+02
    0.10938E+01    0.24999E+02
    0.11159E+01    0.24325E+02
    0.11384E+01    0.23672E+02
    0.11614E+01    0.23039E+02
    0.11849E+01    0.22425E+02
    0.12088E+01    0.21830E+02
    0.12333E+01    0.21253E+02
    0.12582E+01    0.20693E+02
    0.12836E+01    0.20150E+02
    0.13095E+01    0.19623E+02
    0.13360E+01    0.19111E+02
    0.13630E+01    0.18615E+02
    0.13905E+01    0.18132E+02
    0.14186E+01    0.17664E+02
    0.14472E+01    0.17209E+02
    0.14765E+01    0.16766E+02
    0.15063E+01    0.16336E+02
    0.15367E+01    0.15918E+02
    0.15678E+01    0.15511E+02
    0.15994E+01    0.15116E+02
    0.16318E+01    0.14731E+02
    0.16647E+01    0.14356E+02
    0.16984E+01    0.13992E+02
    0.17327E+01    0.13637E+02
    0.17677E+01    0.13291E+02
    0.18034E+01    0.12954E+02
    0.18398E+01    0.12626E+02
    0.18770E+01    0.12307E+02
    0.19149E+01    0.11995E+02
    0.19536E+01    0.11691E+02
    0.19930E+01    0.11395E+02
    0.20333E+01    0.11107E+02
    0.20744E+01    0.10825E+02
    0.21163E+01    0.10550E+02
    0.21590E+01    0.10282E+02
    0.22026E+01    0.10020E+02
    0.22471E+01    0.97650E+01
    0.22925E+01    0.95158E+01
    0.23388E+01    0.92725E+01
    0.23861E+01    0.90349E+01
    0.24343E+01    0.88029E+01
    0.24835E+01    0.85763E+01
    0.25336E+01    0.83550E+01
    0.25848E+01    0.81388E+01
    0.26370E+01    0.79276E+01
    0.26903E+01    0.77212E+01
    0.27447E+01    0.75196E+01
    0.28001E+01    0.73226E+01
    0.28567E+01    0.71301E+01
    0.29144E+01    0.69419E+01
    0.29733E+01    0.67580E+01
    0.30333E+01    0.65783E+01
    0.30946E+01    0.64027E+01
    0.31571E+01    0.62310E+01
    0.32209E+01    0.60632E+01
    0.32860E+01    0.58992E+01
    0.33523E+01    0.57389E+01
    0.34201E+01    0.55822E+01
    0.34892E+01    0.54291E+01
    0.35596E+01    0.52795E+01
    0.36316E+01    0.51332E+01
    0.37049E+01    0.49903E+01
    0.37798E+01    0.48506E+01
    0.38561E+01    0.47142E+01
    0.39340E+01    0.45808E+01
    0.40135E+01    0.44505E+01
    0.40946E+01    0.43233E+01
    0.41773E+01    0.41990E+01
    0.42617E+01    0.40775E+01
    0.43478E+01    0.39590E+01
    0.44356E+01    0.38432E+01
    0.45252E+01    0.37301E+01
    0.46166E+01    0.36197E+01
    0.47099E+01    0.35120E+01
    0.48050E+01    0.34068E+01
    0.49021E+01    0.33042E+01
    0.50011E+01    0.32041E+01
    0.51021E+01    0.31064E+01
    0.52052E+01    0.30112E+01
    0.53104E+01    0.29182E+01
    0.54176E+01    0.28277E+01
    0.55271E+01    0.27393E+01
    0.56387E+01    0.26533E+01
    0.57526E+01    0.25694E+01
    0.58689E+01    0.24876E+01
    0.59874E+01    0.24080E+01
    0.61084E+01    0.23305E+01
    0.62318E+01    0.22550E+01
    0.63577E+01    0.21815E+01
    0.64861E+01    0.21099E+01
    0.66171E+01    0.20403E+01
    0.67508E+01    0.19725E+01
    0.68872E+01    0.19067E+01
    0.70263E+01    0.18426E+01
    0.71682E+01    0.17803E+01
    0.73130E+01    0.17197E+01
    0.74608E+01    0.16609E+01
    0.76115E+01    0.16037E+01
    0.77653E+01    0.15482E+01
    0.79221E+01    0.14942E+01
    0.80822E+01    0.14419E+01
    0.82454E+01    0.13911E+01
    0.84120E+01    0.13417E+01
    0.85819E+01    0.12939E+01
    0.87553E+01    0.12475E+01
    0.89322E+01    0.12025E+01
    0.91126E+01    0.11589E+01
    0.92967E+01    0.11166E+01
    0.94845E+01    0.10757E+01
    0.96761E+01    0.10360E+01
    0.98716E+01    0.99760E+00
    0.10071E+02    0.96040E+00
    0.10274E+02    0.92441E+00
    0.10482E+02    0.88958E+00
    0.10694E+02    0.85589E+00
    0.10910E+02    0.82330E+00
    0.11130E+02    0.79180E+00
    0.11355E+02    0.76136E+00
    0.11584E+02    0.73193E+00
    0.11818E+02    0.70351E+00
    0.12057E+02    0.67606E+00
    0.12301E+02    0.64956E+00
    0.12549E+02    0.62397E+00
    0.12803E+02    0.59928E+00
    0.13061E+02    0.57547E+00
    0.13325E+02    0.55249E+00
    0.13594E+02    0.53034E+00
    0.13869E+02    0.50899E+00
    0.14149E+02    0.48841E+00
    0.14435E+02    0.46858E+00
    0.14727E+02    0.44948E+00
    0.15024E+02    0.43109E+00
    0.15328E+02    0.41338E+00
    0.15637E+02    0.39634E+00
    0.15953E+02    0.37993E+00
    0.16275E+02    0.36415E+00
    0.16604E+02    0.34897E+00
    0.16940E+02    0.33437E+00
    0.17282E+02    0.32034E+00
    0.17631E+02    0.30685E+00
    0.17987E+02    0.29388E+00
    0.18351E+02    0.28143E+00
    0.18721E+02    0.26946E+00
    0.19099E+02    0.25797E+00
    0.19485E+02    0.24694E+00
    0.19879E+02    0.23634E+00
    0.20280E+02    0.22617E+00
    0.20690E+02    0.21642E+00
    0.21108E+02    0.20706E+00
    0.21535E+02    0.19808E+00
    0.21970E+02    0.18946E+00
    0.22413E+02    0.18120E+00
    0.22866E+02    0.17328E+00
    0.23328E+02    0.16569E+00
    0.23799E+02    0.15842E+00
    0.24280E+02    0.15145E+00
    0.24771E+02    0.14477E+00
    0.25271E+02    0.13837E+00
    0.25782E+02    0.13224E+00
    0.26302E+02    0.12637E+00
    0.26834E+02    0.12075E+00
    0.27376E+02    0.11536E+00
    0.27929E+02    0.11021E+00
    0.28493E+02    0.10528E+00
    0.29069E+02    0.10056E+00
    0.29656E+02    0.96047E-01
    0.30255E+02    0.91727E-01
    0.30866E+02    0.87594E-01
    0.31490E+02    0.83641E-01
    0.32126E+02    0.79860E-01
    0.32775E+02    0.76244E-01
    0.33437E+02    0.72787E-01
    0.34112E+02    0.69481E-01
    0.34801E+02    0.66321E-01
    0.35504E+02    0.63301E-01
    0.36222E+02    0.60414E-01
    0.36953E+02    0.57655E-01
    0.37700E+02    0.55019E-01
    0.38462E+02    0.52500E-01
    0.39239E+02    0.50094E-01
    0.40031E+02    0.47795E-01
    0.40840E+02    0.45599E-01
    0.41665E+02    0.43502E-01
    0.42507E+02    0.41499E-01
    0.43365E+02    0.39586E-01
    0.44241E+02    0.37759E-01
    0.45135E+02    0.36015E-01
    0.46047E+02    0.34349E-01
    0.46977E+02    0.32759E-01
    0.47926E+02    0.31241E-01
    0.48894E+02    0.29791E-01
    0.49882E+02    0.28407E-01
    0.50890E+02    0.27087E-01
    0.51918E+02    0.25826E-01
    0.52966E+02    0.24624E-01
    0.54036E+02    0.23477E-01
    0.55128E+02    0.22382E-01
    0.56242E+02    0.21339E-01
    0.57378E+02    0.20343E-01
    0.58537E+02    0.19394E-01
