    0.10000E-03    0.11525E+03
    0.10202E-03    0.11749E+03
    0.10408E-03    0.11976E+03
    0.10618E-03    0.12208E+03
    0.10833E-03    0.12445E+03
    0.11052E-03    0.12686E+03
    0.11275E-03    0.12932E+03
    0.11503E-03    0.13182E+03
    0.11735E-03    0.13437E+03
    0.11972E-03    0.13698E+03
    0.12214E-03    0.13963E+03
    0.12461E-03    0.14234E+03
    0.12712E-03    0.14509E+03
    0.12969E-03    0.14790E+03
    0.13231E-03    0.15077E+03
    0.13499E-03    0.15369E+03
    0.13771E-03    0.15666E+03
    0.14049E-03    0.15970E+03
    0.14333E-03    0.16279E+03
    0.14623E-03    0.16594E+03
    0.14918E-03    0.16916E+03
    0.15220E-03    0.17243E+03
    0.15527E-03    0.17577E+03
    0.15841E-03    0.17917E+03
    0.16161E-03    0.18264E+03
    0.16487E-03    0.18618E+03
    0.16820E-03    0.18978E+03
    0.17160E-03    0.19346E+03
    0.17507E-03    0.19720E+03
    0.17860E-03    0.20102E+03
    0.18221E-03    0.20491E+03
    0.18589E-03    0.20887E+03
    0.18965E-03    0.21291E+03
    0.19348E-03    0.21703E+03
    0.19739E-03    0.22123E+03
    0.20138E-03    0.22551E+03
    0.20544E-03    0.22988E+03
    0.20959E-03    0.23432E+03
    0.21383E-03    0.23885E+03
    0.21815E-03    0.24347E+03
    0.22255E-03    0.24818E+03
    0.22705E-03    0.25298E+03
    0.23164E-03    0.25787E+03
    0.23632E-03    0.26286E+03
    0.24109E-03    0.26794E+03
    0.24596E-03    0.27312E+03
    0.25093E-03    0.27840E+03
    0.25600E-03    0.28377E+03
    0.26117E-03    0.28926E+03
    0.26645E-03    0.29484E+03
    0.27183E-03    0.30054E+03
    0.27732E-03    0.30634E+03
    0.28292E-03    0.31226E+03
    0.28864E-03    0.31829E+03
    0.29447E-03    0.32443E+03
    0.30042E-03    0.33069E+03
    0.30649E-03    0.33707E+03
    0.31268E-03    0.34358E+03
    0.31899E-03    0.35020E+03
    0.32544E-03    0.35696E+03
    0.33201E-03    0.36384E+03
    0.33872E-03    0.37086E+03
    0.34556E-03    0.37800E+03
    0.35254E-03    0.38529E+03
    0.35966E-03    0.39271E+03
    0.36693E-03    0.40027E+03
    0.37434E-03    0.40798E+03
    0.38190E-03    0.41583E+03
    0.38962E-03    0.42383E+03
    0.39749E-03    0.43199E+03
    0.40552E-03    0.44030E+03
    0.41371E-03    0.44876E+03
    0.42207E-03    0.45739E+03
    0.43060E-03    0.46618E+03
    0.43929E-03    0.47513E+03
    0.44817E-03    0.48425E+03
    0.45722E-03    0.49355E+03
    0.46646E-03    0.50302E+03
    0.47588E-03    0.51267E+03
    0.48550E-03    0.52249E+03
    0.49530E-03    0.53251E+03
    0.50531E-03    0.54271E+03
    0.51552E-03    0.55310E+03
    0.52593E-03    0.56368E+03
    0.53656E-03    0.57446E+03
    0.54739E-03    0.58545E+03
    0.55845E-03    0.59663E+03
    0.56973E-03    0.60803E+03
    0.58124E-03    0.61963E+03
    0.59299E-03    0.63145E+03
    0.60496E-03    0.64349E+03
    0.61719E-03    0.65575E+03
    0.62965E-03    0.66824E+03
    0.64237E-03    0.68096E+03
    0.65535E-03    0.69390E+03
    0.66859E-03    0.70709E+03
    0.68210E-03    0.72052E+03
    0.69588E-03    0.73419E+03
    0.70993E-03    0.74811E+03
    0.72427E-03    0.76228E+03
    0.73891E-03    0.77671E+03
    0.75383E-03    0.79140E+03
    0.76906E-03    0.80636E+03
    0.78460E-03    0.82158E+03
    0.80045E-03    0.83708E+03
    0.81662E-03    0.85286E+03
    0.83311E-03    0.86891E+03
    0.84994E-03    0.88526E+03
    0.86711E-03    0.90189E+03
    0.88463E-03    0.91882E+03
    0.90250E-03    0.93604E+03
    0.92073E-03    0.95357E+03
    0.93933E-03    0.97141E+03
    0.95831E-03    0.98956E+03
    0.97767E-03    0.10080E+04
    0.99742E-03    0.10268E+04
    0.10176E-02    0.10459E+04
    0.10381E-02    0.10654E+04
    0.10591E-02    0.10852E+04
    0.10805E-02    0.11053E+04
    0.11023E-02    0.11257E+04
    0.11246E-02    0.11465E+04
    0.11473E-02    0.11677E+04
    0.11705E-02    0.11892E+04
    0.11941E-02    0.12111E+04
    0.12182E-02    0.12334E+04
    0.12429E-02    0.12560E+04
    0.12680E-02    0.12790E+04
    0.12936E-02    0.13024E+04
    0.13197E-02    0.13261E+04
    0.13464E-02    0.13503E+04
    0.13736E-02    0.13748E+04
    0.14013E-02    0.13998E+04
    0.14296E-02    0.14251E+04
    0.14585E-02    0.14509E+04
    0.14880E-02    0.14771E+04
    0.15180E-02    0.15037E+04
    0.15487E-02    0.15307E+04
    0.15800E-02    0.15581E+04
    0.16119E-02    0.15860E+04
    0.16445E-02    0.16143E+04
    0.16777E-02    0.16430E+04
    0.17116E-02    0.16722E+04
    0.17462E-02    0.17018E+04
    0.17814E-02    0.17318E+04
    0.18174E-02    0.17623E+04
    0.18541E-02    0.17933E+04
    0.18916E-02    0.18247E+04
    0.19298E-02    0.18566E+04
    0.19688E-02    0.18889E+04
    0.20086E-02    0.19217E+04
    0.20491E-02    0.19550E+04
    0.20905E-02    0.19888E+04
    0.21328E-02    0.20230E+04
    0.21758E-02    0.20577E+04
    0.22198E-02    0.20928E+04
    0.22646E-02    0.21285E+04
    0.23104E-02    0.21646E+04
    0.23571E-02    0.22012E+04
    0.24047E-02    0.22383E+04
    0.24533E-02    0.22758E+04
    0.25028E-02    0.23139E+04
    0.25534E-02    0.23524E+04
    0.26050E-02    0.23914E+04
    0.26576E-02    0.24308E+04
    0.27113E-02    0.24708E+04
    0.27660E-02    0.25112E+04
    0.28219E-02    0.25521E+04
    0.28789E-02    0.25935E+04
    0.29371E-02    0.26353E+04
    0.29964E-02    0.26777E+04
    0.30569E-02    0.27204E+04
    0.31187E-02    0.27637E+04
    0.31817E-02    0.28073E+04
    0.32460E-02    0.28515E+04
    0.33115E-02    0.28961E+04
    0.33784E-02    0.29411E+04
    0.34467E-02    0.29865E+04
    0.35163E-02    0.30324E+04
    0.35874E-02    0.30787E+04
    0.36598E-02    0.31254E+04
    0.37338E-02    0.31725E+04
    0.38092E-02    0.32200E+04
    0.38861E-02    0.32679E+04
    0.39646E-02    0.33161E+04
    0.40447E-02    0.33647E+04
    0.41264E-02    0.34137E+04
    0.42098E-02    0.34631E+04
    0.42948E-02    0.35128E+04
    0.43816E-02    0.35629E+04
    0.44701E-02    0.36131E+04
    0.45604E-02    0.36636E+04
    0.46525E-02    0.37141E+04
    0.47465E-02    0.37647E+04
    0.48424E-02    0.38154E+04
    0.49402E-02    0.38663E+04
    0.50400E-02    0.39174E+04
    0.51419E-02    0.39688E+04
    0.52457E-02    0.40206E+04
    0.53517E-02    0.40726E+04
    0.54598E-02    0.41248E+04
    0.55701E-02    0.41771E+04
    0.56826E-02    0.42294E+04
    0.57974E-02    0.42817E+04
    0.59145E-02    0.43340E+04
    0.60340E-02    0.43863E+04
    0.61559E-02    0.44384E+04
    0.62803E-02    0.44905E+04
    0.64072E-02    0.45425E+04
    0.65366E-02    0.45943E+04
    0.66686E-02    0.46460E+04
    0.68033E-02    0.46974E+04
    0.69408E-02    0.47486E+04
    0.70810E-02    0.47994E+04
    0.72240E-02    0.48500E+04
    0.73700E-02    0.49001E+04
    0.75189E-02    0.49499E+04
    0.76708E-02    0.49992E+04
    0.78257E-02    0.50480E+04
    0.79838E-02    0.50963E+04
    0.81451E-02    0.51440E+04
    0.83096E-02    0.51910E+04
    0.84775E-02    0.52374E+04
    0.86488E-02    0.52830E+04
    0.88235E-02    0.53279E+04
    0.90017E-02    0.53719E+04
    0.91836E-02    0.54150E+04
    0.93691E-02    0.54572E+04
    0.95583E-02    0.54984E+04
    0.97514E-02    0.55386E+04
    0.99484E-02    0.55776E+04
    0.10149E-01    0.56155E+04
    0.10354E-01    0.56522E+04
    0.10564E-01    0.56875E+04
    0.10777E-01    0.57216E+04
    0.10995E-01    0.57542E+04
    0.11217E-01    0.57853E+04
    0.11443E-01    0.58148E+04
    0.11675E-01    0.58428E+04
    0.11910E-01    0.58690E+04
    0.12151E-01    0.58936E+04
    0.12397E-01    0.59165E+04
    0.12647E-01    0.59376E+04
    0.12902E-01    0.59568E+04
    0.13163E-01    0.59740E+04
    0.13429E-01    0.59889E+04
    0.13700E-01    0.60013E+04
    0.13977E-01    0.60112E+04
    0.14259E-01    0.60187E+04
    0.14547E-01    0.60242E+04
    0.14841E-01    0.60280E+04
    0.15141E-01    0.60305E+04
    0.15447E-01    0.60321E+04
    0.15759E-01    0.60322E+04
    0.16077E-01    0.60302E+04
    0.16402E-01    0.60254E+04
    0.16734E-01    0.60171E+04
    0.17072E-01    0.60047E+04
    0.17416E-01    0.59883E+04
    0.17768E-01    0.59685E+04
    0.18127E-01    0.59455E+04
    0.18493E-01    0.59200E+04
    0.18867E-01    0.58921E+04
    0.19248E-01    0.58617E+04
    0.19637E-01    0.58283E+04
    0.20034E-01    0.57914E+04
    0.20438E-01    0.57508E+04
    0.20851E-01    0.57060E+04
    0.21272E-01    0.56575E+04
    0.21702E-01    0.56057E+04
    0.22141E-01    0.55513E+04
    0.22588E-01    0.54946E+04
    0.23044E-01    0.54361E+04
    0.23510E-01    0.53758E+04
    0.23985E-01    0.53138E+04
    0.24469E-01    0.52500E+04
    0.24964E-01    0.51844E+04
    0.25468E-01    0.51170E+04
    0.25982E-01    0.50477E+04
    0.26507E-01    0.49766E+04
    0.27043E-01    0.49034E+04
    0.27589E-01    0.48283E+04
    0.28146E-01    0.47511E+04
    0.28715E-01    0.46722E+04
    0.29295E-01    0.45919E+04
    0.29887E-01    0.45103E+04
    0.30490E-01    0.44277E+04
    0.31106E-01    0.43445E+04
    0.31735E-01    0.42609E+04
    0.32376E-01    0.41772E+04
    0.33030E-01    0.40939E+04
    0.33697E-01    0.40111E+04
    0.34378E-01    0.39291E+04
    0.35072E-01    0.38482E+04
    0.35781E-01    0.37685E+04
    0.36504E-01    0.36901E+04
    0.37241E-01    0.36132E+04
    0.37993E-01    0.35380E+04
    0.38761E-01    0.34645E+04
    0.39544E-01    0.33930E+04
    0.40343E-01    0.33234E+04
    0.41158E-01    0.32559E+04
    0.41989E-01    0.31907E+04
    0.42838E-01    0.31279E+04
    0.43703E-01    0.30679E+04
    0.44586E-01    0.30106E+04
    0.45486E-01    0.29565E+04
    0.46405E-01    0.29053E+04
    0.47343E-01    0.28569E+04
    0.48299E-01    0.28110E+04
    0.49275E-01    0.27674E+04
    0.50270E-01    0.27260E+04
    0.51286E-01    0.26864E+04
    0.52322E-01    0.26485E+04
    0.53379E-01    0.26121E+04
    0.54457E-01    0.25771E+04
    0.55557E-01    0.25430E+04
    0.56680E-01    0.25095E+04
    0.57825E-01    0.24762E+04
    0.58993E-01    0.24427E+04
    0.60184E-01    0.24087E+04
    0.61400E-01    0.23741E+04
    0.62641E-01    0.23383E+04
    0.63906E-01    0.23010E+04
    0.65197E-01    0.22616E+04
    0.66514E-01    0.22197E+04
    0.67858E-01    0.21755E+04
    0.69229E-01    0.21298E+04
    0.70627E-01    0.20829E+04
    0.72054E-01    0.20343E+04
    0.73510E-01    0.19826E+04
    0.74994E-01    0.19272E+04
    0.76509E-01    0.18686E+04
    0.78055E-01    0.18083E+04
    0.79632E-01    0.17470E+04
    0.81241E-01    0.16854E+04
    0.82882E-01    0.16237E+04
    0.84556E-01    0.15626E+04
    0.86264E-01    0.15026E+04
    0.88007E-01    0.14446E+04
    0.89785E-01    0.13890E+04
    0.91598E-01    0.13365E+04
    0.93449E-01    0.12876E+04
    0.95337E-01    0.12425E+04
    0.97263E-01    0.12017E+04
    0.99227E-01    0.11652E+04
    0.10123E+00    0.11329E+04
    0.10328E+00    0.11047E+04
    0.10536E+00    0.10801E+04
    0.10749E+00    0.10586E+04
    0.10966E+00    0.10396E+04
    0.11188E+00    0.10224E+04
    0.11414E+00    0.10061E+04
    0.11644E+00    0.98996E+03
    0.11880E+00    0.97312E+03
    0.12120E+00    0.95486E+03
    0.12365E+00    0.93452E+03
    0.12614E+00    0.91171E+03
    0.12869E+00    0.88623E+03
    0.13129E+00    0.85817E+03
    0.13394E+00    0.82786E+03
    0.13665E+00    0.79583E+03
    0.13941E+00    0.76273E+03
    0.14223E+00    0.72935E+03
    0.14510E+00    0.69653E+03
    0.14803E+00    0.66521E+03
    0.15102E+00    0.63624E+03
    0.15407E+00    0.61033E+03
    0.15718E+00    0.58783E+03
    0.16036E+00    0.56879E+03
    0.16360E+00    0.55286E+03
    0.16690E+00    0.53946E+03
    0.17028E+00    0.52791E+03
    0.17371E+00    0.51745E+03
    0.17722E+00    0.50726E+03
    0.18080E+00    0.49650E+03
    0.18446E+00    0.48440E+03
    0.18818E+00    0.47049E+03
    0.19198E+00    0.45467E+03
    0.19586E+00    0.43734E+03
    0.19982E+00    0.41913E+03
    0.20386E+00    0.40080E+03
    0.20797E+00    0.38309E+03
    0.21218E+00    0.36668E+03
    0.21646E+00    0.35211E+03
    0.22083E+00    0.33964E+03
    0.22530E+00    0.32916E+03
    0.22985E+00    0.32027E+03
    0.23449E+00    0.31235E+03
    0.23923E+00    0.30470E+03
    0.24406E+00    0.29668E+03
    0.24899E+00    0.28784E+03
    0.25402E+00    0.27806E+03
    0.25915E+00    0.26756E+03
    0.26439E+00    0.25679E+03
    0.26973E+00    0.24628E+03
    0.27518E+00    0.23649E+03
    0.28074E+00    0.22778E+03
    0.28641E+00    0.22021E+03
    0.29219E+00    0.21358E+03
    0.29810E+00    0.20748E+03
    0.30412E+00    0.20149E+03
    0.31026E+00    0.19528E+03
    0.31653E+00    0.18872E+03
    0.32292E+00    0.18187E+03
    0.32945E+00    0.17503E+03
    0.33610E+00    0.16851E+03
    0.34289E+00    0.16251E+03
    0.34982E+00    0.15708E+03
    0.35689E+00    0.15214E+03
    0.36409E+00    0.14745E+03
    0.37145E+00    0.14280E+03
    0.37895E+00    0.13808E+03
    0.38661E+00    0.13331E+03
    0.39442E+00    0.12862E+03
    0.40239E+00    0.12415E+03
    0.41052E+00    0.11999E+03
    0.41881E+00    0.11611E+03
    0.42727E+00    0.11243E+03
    0.43590E+00    0.10883E+03
    0.44471E+00    0.10526E+03
    0.45369E+00    0.10175E+03
    0.46286E+00    0.98352E+02
    0.47221E+00    0.95125E+02
    0.48174E+00    0.92067E+02
    0.49148E+00    0.89147E+02
    0.50141E+00    0.86310E+02
    0.51153E+00    0.83541E+02
    0.52187E+00    0.80847E+02
    0.53241E+00    0.78260E+02
    0.54317E+00    0.75784E+02
    0.55414E+00    0.73406E+02
    0.56533E+00    0.71107E+02
    0.57675E+00    0.68886E+02
    0.58840E+00    0.66741E+02
    0.60029E+00    0.64673E+02
    0.61242E+00    0.62679E+02
    0.62479E+00    0.60756E+02
    0.63741E+00    0.58902E+02
    0.65029E+00    0.57113E+02
    0.66342E+00    0.55387E+02
    0.67683E+00    0.53721E+02
    0.69050E+00    0.52114E+02
    0.70445E+00    0.50563E+02
    0.71868E+00    0.49066E+02
    0.73320E+00    0.47620E+02
    0.74801E+00    0.46224E+02
    0.76312E+00    0.44876E+02
    0.77854E+00    0.43574E+02
    0.79426E+00    0.42315E+02
    0.81031E+00    0.41100E+02
    0.82668E+00    0.39925E+02
    0.84338E+00    0.38790E+02
    0.86041E+00    0.37693E+02
    0.87780E+00    0.36632E+02
    0.89553E+00    0.35606E+02
    0.91362E+00    0.34614E+02
    0.93208E+00    0.33655E+02
    0.95091E+00    0.32726E+02
    0.97011E+00    0.31828E+02
    0.98971E+00    0.30959E+02
    0.10097E+01    0.30117E+02
    0.10301E+01    0.29302E+02
    0.10509E+01    0.28512E+02
    0.10721E+01    0.27748E+02
    0.10938E+01    0.27007E+02
    0.11159E+01    0.26288E+02
    0.11384E+01    0.25592E+02
    0.11614E+01    0.24917E+02
    0.11849E+01    0.24262E+02
    0.12088E+01    0.23627E+02
    0.12333E+01    0.23011E+02
    0.12582E+01    0.22412E+02
    0.12836E+01    0.21831E+02
    0.13095E+01    0.21267E+02
    0.13360E+01    0.20720E+02
    0.13630E+01    0.20187E+02
    0.13905E+01    0.19670E+02
    0.14186E+01    0.19167E+02
    0.14472E+01    0.18679E+02
    0.14765E+01    0.18203E+02
    0.15063E+01    0.17741E+02
    0.15367E+01    0.17291E+02
    0.15678E+01    0.16854E+02
    0.15994E+01    0.16428E+02
    0.16318E+01    0.16013E+02
    0.16647E+01    0.15609E+02
    0.16984E+01    0.15216E+02
    0.17327E+01    0.14832E+02
    0.17677E+01    0.14459E+02
    0.18034E+01    0.14095E+02
    0.18398E+01    0.13740E+02
    0.18770E+01    0.13394E+02
    0.19149E+01    0.13057E+02
    0.19536E+01    0.12728E+02
    0.19930E+01    0.12407E+02
    0.20333E+01    0.12093E+02
    0.20744E+01    0.11788E+02
    0.21163E+01    0.11489E+02
    0.21590E+01    0.11198E+02
    0.22026E+01    0.10914E+02
    0.22471E+01    0.10636E+02
    0.22925E+01    0.10365E+02
    0.23388E+01    0.10100E+02
    0.23861E+01    0.98415E+01
    0.24343E+01    0.95888E+01
    0.24835E+01    0.93419E+01
    0.25336E+01    0.91006E+01
    0.25848E+01    0.88649E+01
    0.26370E+01    0.86345E+01
    0.26903E+01    0.84093E+01
    0.27447E+01    0.81892E+01
    0.28001E+01    0.79741E+01
    0.28567E+01    0.77639E+01
    0.29144E+01    0.75583E+01
    0.29733E+01    0.73574E+01
    0.30333E+01    0.71610E+01
    0.30946E+01    0.69689E+01
    0.31571E+01    0.67812E+01
    0.32209E+01    0.65977E+01
    0.32860E+01    0.64183E+01
    0.33523E+01    0.62430E+01
    0.34201E+01    0.60716E+01
    0.34892E+01    0.59041E+01
    0.35596E+01    0.57403E+01
    0.36316E+01    0.55803E+01
    0.37049E+01    0.54239E+01
    0.37798E+01    0.52710E+01
    0.38561E+01    0.51216E+01
    0.39340E+01    0.49757E+01
    0.40135E+01    0.48332E+01
    0.40946E+01    0.46939E+01
    0.41773E+01    0.45579E+01
    0.42617E+01    0.44250E+01
    0.43478E+01    0.42953E+01
    0.44356E+01    0.41686E+01
    0.45252E+01    0.40449E+01
    0.46166E+01    0.39242E+01
    0.47099E+01    0.38064E+01
    0.48050E+01    0.36914E+01
    0.49021E+01    0.35792E+01
    0.50011E+01    0.34698E+01
    0.51021E+01    0.33630E+01
    0.52052E+01    0.32590E+01
    0.53104E+01    0.31575E+01
    0.54176E+01    0.30585E+01
    0.55271E+01    0.29621E+01
    0.56387E+01    0.28681E+01
    0.57526E+01    0.27766E+01
    0.58689E+01    0.26874E+01
    0.59874E+01    0.26006E+01
    0.61084E+01    0.25160E+01
    0.62318E+01    0.24337E+01
    0.63577E+01    0.23536E+01
    0.64861E+01    0.22756E+01
    0.66171E+01    0.21998E+01
    0.67508E+01    0.21261E+01
    0.68872E+01    0.20543E+01
    0.70263E+01    0.19846E+01
    0.71682E+01    0.19169E+01
    0.73130E+01    0.18510E+01
    0.74608E+01    0.17870E+01
    0.76115E+01    0.17249E+01
    0.77653E+01    0.16646E+01
    0.79221E+01    0.16061E+01
    0.80822E+01    0.15492E+01
    0.82454E+01    0.14941E+01
    0.84120E+01    0.14406E+01
    0.85819E+01    0.13888E+01
    0.87553E+01    0.13385E+01
    0.89322E+01    0.12897E+01
    0.91126E+01    0.12425E+01
    0.92967E+01    0.11968E+01
    0.94845E+01    0.11525E+01
    0.96761E+01    0.11096E+01
    0.98716E+01    0.10681E+01
    0.10071E+02    0.10279E+01
    0.10274E+02    0.98900E+00
    0.10482E+02    0.95141E+00
    0.10694E+02    0.91506E+00
    0.10910E+02    0.87992E+00
    0.11130E+02    0.84597E+00
    0.11355E+02    0.81316E+00
    0.11584E+02    0.78148E+00
    0.11818E+02    0.75088E+00
    0.12057E+02    0.72135E+00
    0.12301E+02    0.69285E+00
    0.12549E+02    0.66535E+00
    0.12803E+02    0.63882E+00
    0.13061E+02    0.61325E+00
    0.13325E+02    0.58859E+00
    0.13594E+02    0.56482E+00
    0.13869E+02    0.54192E+00
    0.14149E+02    0.51986E+00
    0.14435E+02    0.49862E+00
    0.14727E+02    0.47816E+00
    0.15024E+02    0.45847E+00
    0.15328E+02    0.43952E+00
    0.15637E+02    0.42129E+00
    0.15953E+02    0.40375E+00
    0.16275E+02    0.38688E+00
    0.16604E+02    0.37066E+00
    0.16940E+02    0.35507E+00
    0.17282E+02    0.34009E+00
    0.17631E+02    0.32569E+00
    0.17987E+02    0.31186E+00
    0.18351E+02    0.29858E+00
    0.18721E+02    0.28583E+00
    0.19099E+02    0.27358E+00
    0.19485E+02    0.26183E+00
    0.19879E+02    0.25055E+00
    0.20280E+02    0.23972E+00
    0.20690E+02    0.22934E+00
    0.21108E+02    0.21938E+00
    0.21535E+02    0.20983E+00
    0.21970E+02    0.20067E+00
    0.22413E+02    0.19189E+00
    0.22866E+02    0.18347E+00
    0.23328E+02    0.17541E+00
    0.23799E+02    0.16768E+00
    0.24280E+02    0.16028E+00
    0.24771E+02    0.15319E+00
    0.25271E+02    0.14640E+00
    0.25782E+02    0.13989E+00
    0.26302E+02    0.13367E+00
    0.26834E+02    0.12771E+00
    0.27376E+02    0.12200E+00
    0.27929E+02    0.11654E+00
    0.28493E+02    0.11131E+00
    0.29069E+02    0.10631E+00
    0.29656E+02    0.10153E+00
    0.30255E+02    0.96951E-01
    0.30866E+02    0.92574E-01
    0.31490E+02    0.88388E-01
    0.32126E+02    0.84385E-01
    0.32775E+02    0.80558E-01
    0.33437E+02    0.76899E-01
    0.34112E+02    0.73401E-01
    0.34801E+02    0.70058E-01
    0.35504E+02    0.66863E-01
    0.36222E+02    0.63809E-01
    0.36953E+02    0.60891E-01
    0.37700E+02    0.58104E-01
    0.38462E+02    0.55440E-01
    0.39239E+02    0.52896E-01
    0.40031E+02    0.50467E-01
    0.40840E+02    0.48146E-01
    0.41665E+02    0.45929E-01
    0.42507E+02    0.43813E-01
    0.43365E+02    0.41792E-01
    0.44241E+02    0.39862E-01
    0.45135E+02    0.38019E-01
    0.46047E+02    0.36259E-01
    0.46977E+02    0.34580E-01
    0.47926E+02    0.32976E-01
    0.48894E+02    0.31445E-01
    0.49882E+02    0.29984E-01
    0.50890E+02    0.28589E-01
    0.51918E+02    0.27259E-01
    0.52966E+02    0.25989E-01
    0.54036E+02    0.24778E-01
    0.55128E+02    0.23623E-01
    0.56242E+02    0.22521E-01
    0.57378E+02    0.21470E-01
    0.58537E+02    0.20469E-01
