    0.10000E-03    0.85671E+02
    0.10202E-03    0.87331E+02
    0.10408E-03    0.89023E+02
    0.10618E-03    0.90748E+02
    0.10833E-03    0.92506E+02
    0.11052E-03    0.94298E+02
    0.11275E-03    0.96125E+02
    0.11503E-03    0.97987E+02
    0.11735E-03    0.99886E+02
    0.11972E-03    0.10182E+03
    0.12214E-03    0.10379E+03
    0.12461E-03    0.10580E+03
    0.12712E-03    0.10785E+03
    0.12969E-03    0.10994E+03
    0.13231E-03    0.11207E+03
    0.13499E-03    0.11424E+03
    0.13771E-03    0.11645E+03
    0.14049E-03    0.11871E+03
    0.14333E-03    0.12101E+03
    0.14623E-03    0.12335E+03
    0.14918E-03    0.12574E+03
    0.15220E-03    0.12818E+03
    0.15527E-03    0.13066E+03
    0.15841E-03    0.13319E+03
    0.16161E-03    0.13577E+03
    0.16487E-03    0.13839E+03
    0.16820E-03    0.14107E+03
    0.17160E-03    0.14381E+03
    0.17507E-03    0.14659E+03
    0.17860E-03    0.14943E+03
    0.18221E-03    0.15232E+03
    0.18589E-03    0.15527E+03
    0.18965E-03    0.15827E+03
    0.19348E-03    0.16133E+03
    0.19739E-03    0.16445E+03
    0.20138E-03    0.16764E+03
    0.20544E-03    0.17088E+03
    0.20959E-03    0.17419E+03
    0.21383E-03    0.17755E+03
    0.21815E-03    0.18099E+03
    0.22255E-03    0.18449E+03
    0.22705E-03    0.18806E+03
    0.23164E-03    0.19169E+03
    0.23632E-03    0.19540E+03
    0.24109E-03    0.19918E+03
    0.24596E-03    0.20303E+03
    0.25093E-03    0.20695E+03
    0.25600E-03    0.21095E+03
    0.26117E-03    0.21503E+03
    0.26645E-03    0.21918E+03
    0.27183E-03    0.22341E+03
    0.27732E-03    0.22773E+03
    0.28292E-03    0.23213E+03
    0.28864E-03    0.23661E+03
    0.29447E-03    0.24118E+03
    0.30042E-03    0.24583E+03
    0.30649E-03    0.25058E+03
    0.31268E-03    0.25541E+03
    0.31899E-03    0.26034E+03
    0.32544E-03    0.26536E+03
    0.33201E-03    0.27048E+03
    0.33872E-03    0.27569E+03
    0.34556E-03    0.28101E+03
    0.35254E-03    0.28642E+03
    0.35966E-03    0.29194E+03
    0.36693E-03    0.29757E+03
    0.37434E-03    0.30330E+03
    0.38190E-03    0.30914E+03
    0.38962E-03    0.31509E+03
    0.39749E-03    0.32115E+03
    0.40552E-03    0.32733E+03
    0.41371E-03    0.33362E+03
    0.42207E-03    0.34004E+03
    0.43060E-03    0.34657E+03
    0.43929E-03    0.35323E+03
    0.44817E-03    0.36002E+03
    0.45722E-03    0.36693E+03
    0.46646E-03    0.37397E+03
    0.47588E-03    0.38115E+03
    0.48550E-03    0.38846E+03
    0.49530E-03    0.39590E+03
    0.50531E-03    0.40349E+03
    0.51552E-03    0.41122E+03
    0.52593E-03    0.41909E+03
    0.53656E-03    0.42711E+03
    0.54739E-03    0.43528E+03
    0.55845E-03    0.44360E+03
    0.56973E-03    0.45207E+03
    0.58124E-03    0.46071E+03
    0.59299E-03    0.46950E+03
    0.60496E-03    0.47845E+03
    0.61719E-03    0.48757E+03
    0.62965E-03    0.49686E+03
    0.64237E-03    0.50632E+03
    0.65535E-03    0.51595E+03
    0.66859E-03    0.52576E+03
    0.68210E-03    0.53575E+03
    0.69588E-03    0.54592E+03
    0.70993E-03    0.55628E+03
    0.72427E-03    0.56682E+03
    0.73891E-03    0.57756E+03
    0.75383E-03    0.58848E+03
    0.76906E-03    0.59961E+03
    0.78460E-03    0.61094E+03
    0.80045E-03    0.62247E+03
    0.81662E-03    0.63421E+03
    0.83311E-03    0.64615E+03
    0.84994E-03    0.65831E+03
    0.86711E-03    0.67069E+03
    0.88463E-03    0.68328E+03
    0.90250E-03    0.69610E+03
    0.92073E-03    0.70914E+03
    0.93933E-03    0.72242E+03
    0.95831E-03    0.73592E+03
    0.97767E-03    0.74966E+03
    0.99742E-03    0.76364E+03
    0.10176E-02    0.77786E+03
    0.10381E-02    0.79233E+03
    0.10591E-02    0.80705E+03
    0.10805E-02    0.82202E+03
    0.11023E-02    0.83724E+03
    0.11246E-02    0.85273E+03
    0.11473E-02    0.86848E+03
    0.11705E-02    0.88449E+03
    0.11941E-02    0.90077E+03
    0.12182E-02    0.91733E+03
    0.12429E-02    0.93416E+03
    0.12680E-02    0.95128E+03
    0.12936E-02    0.96867E+03
    0.13197E-02    0.98636E+03
    0.13464E-02    0.10043E+04
    0.13736E-02    0.10226E+04
    0.14013E-02    0.10412E+04
    0.14296E-02    0.10600E+04
    0.14585E-02    0.10792E+04
    0.14880E-02    0.10987E+04
    0.15180E-02    0.11184E+04
    0.15487E-02    0.11385E+04
    0.15800E-02    0.11589E+04
    0.16119E-02    0.11797E+04
    0.16445E-02    0.12007E+04
    0.16777E-02    0.12221E+04
    0.17116E-02    0.12438E+04
    0.17462E-02    0.12658E+04
    0.17814E-02    0.12882E+04
    0.18174E-02    0.13109E+04
    0.18541E-02    0.13339E+04
    0.18916E-02    0.13573E+04
    0.19298E-02    0.13810E+04
    0.19688E-02    0.14051E+04
    0.20086E-02    0.14295E+04
    0.20491E-02    0.14542E+04
    0.20905E-02    0.14793E+04
    0.21328E-02    0.15048E+04
    0.21758E-02    0.15306E+04
    0.22198E-02    0.15568E+04
    0.22646E-02    0.15833E+04
    0.23104E-02    0.16101E+04
    0.23571E-02    0.16374E+04
    0.24047E-02    0.16650E+04
    0.24533E-02    0.16929E+04
    0.25028E-02    0.17212E+04
    0.25534E-02    0.17498E+04
    0.26050E-02    0.17789E+04
    0.26576E-02    0.18082E+04
    0.27113E-02    0.18379E+04
    0.27660E-02    0.18680E+04
    0.28219E-02    0.18984E+04
    0.28789E-02    0.19292E+04
    0.29371E-02    0.19604E+04
    0.29964E-02    0.19918E+04
    0.30569E-02    0.20236E+04
    0.31187E-02    0.20558E+04
    0.31817E-02    0.20883E+04
    0.32460E-02    0.21211E+04
    0.33115E-02    0.21543E+04
    0.33784E-02    0.21878E+04
    0.34467E-02    0.22216E+04
    0.35163E-02    0.22557E+04
    0.35874E-02    0.22902E+04
    0.36598E-02    0.23249E+04
    0.37338E-02    0.23600E+04
    0.38092E-02    0.23953E+04
    0.38861E-02    0.24309E+04
    0.39646E-02    0.24668E+04
    0.40447E-02    0.25030E+04
    0.41264E-02    0.25394E+04
    0.42098E-02    0.25761E+04
    0.42948E-02    0.26131E+04
    0.43816E-02    0.26503E+04
    0.44701E-02    0.26877E+04
    0.45604E-02    0.27252E+04
    0.46525E-02    0.27629E+04
    0.47465E-02    0.28006E+04
    0.48424E-02    0.28385E+04
    0.49402E-02    0.28764E+04
    0.50400E-02    0.29146E+04
    0.51419E-02    0.29529E+04
    0.52457E-02    0.29915E+04
    0.53517E-02    0.30302E+04
    0.54598E-02    0.30690E+04
    0.55701E-02    0.31079E+04
    0.56826E-02    0.31469E+04
    0.57974E-02    0.31858E+04
    0.59145E-02    0.32247E+04
    0.60340E-02    0.32636E+04
    0.61559E-02    0.33024E+04
    0.62803E-02    0.33412E+04
    0.64072E-02    0.33799E+04
    0.65366E-02    0.34185E+04
    0.66686E-02    0.34569E+04
    0.68033E-02    0.34952E+04
    0.69408E-02    0.35333E+04
    0.70810E-02    0.35712E+04
    0.72240E-02    0.36088E+04
    0.73700E-02    0.36462E+04
    0.75189E-02    0.36832E+04
    0.76708E-02    0.37199E+04
    0.78257E-02    0.37563E+04
    0.79838E-02    0.37922E+04
    0.81451E-02    0.38277E+04
    0.83096E-02    0.38627E+04
    0.84775E-02    0.38973E+04
    0.86488E-02    0.39313E+04
    0.88235E-02    0.39647E+04
    0.90017E-02    0.39974E+04
    0.91836E-02    0.40296E+04
    0.93691E-02    0.40610E+04
    0.95583E-02    0.40917E+04
    0.97514E-02    0.41216E+04
    0.99484E-02    0.41507E+04
    0.10149E-01    0.41789E+04
    0.10354E-01    0.42062E+04
    0.10564E-01    0.42326E+04
    0.10777E-01    0.42579E+04
    0.10995E-01    0.42822E+04
    0.11217E-01    0.43054E+04
    0.11443E-01    0.43274E+04
    0.11675E-01    0.43483E+04
    0.11910E-01    0.43679E+04
    0.12151E-01    0.43862E+04
    0.12397E-01    0.44033E+04
    0.12647E-01    0.44190E+04
    0.12902E-01    0.44334E+04
    0.13163E-01    0.44462E+04
    0.13429E-01    0.44573E+04
    0.13700E-01    0.44666E+04
    0.13977E-01    0.44740E+04
    0.14259E-01    0.44796E+04
    0.14547E-01    0.44838E+04
    0.14841E-01    0.44867E+04
    0.15141E-01    0.44886E+04
    0.15447E-01    0.44898E+04
    0.15759E-01    0.44900E+04
    0.16077E-01    0.44885E+04
    0.16402E-01    0.44850E+04
    0.16734E-01    0.44789E+04
    0.17072E-01    0.44697E+04
    0.17416E-01    0.44576E+04
    0.17768E-01    0.44428E+04
    0.18127E-01    0.44258E+04
    0.18493E-01    0.44069E+04
    0.18867E-01    0.43862E+04
    0.19248E-01    0.43636E+04
    0.19637E-01    0.43388E+04
    0.20034E-01    0.43114E+04
    0.20438E-01    0.42812E+04
    0.20851E-01    0.42479E+04
    0.21272E-01    0.42118E+04
    0.21702E-01    0.41734E+04
    0.22141E-01    0.41329E+04
    0.22588E-01    0.40907E+04
    0.23044E-01    0.40472E+04
    0.23510E-01    0.40024E+04
    0.23985E-01    0.39563E+04
    0.24469E-01    0.39088E+04
    0.24964E-01    0.38600E+04
    0.25468E-01    0.38099E+04
    0.25982E-01    0.37584E+04
    0.26507E-01    0.37054E+04
    0.27043E-01    0.36510E+04
    0.27589E-01    0.35951E+04
    0.28146E-01    0.35377E+04
    0.28715E-01    0.34790E+04
    0.29295E-01    0.34192E+04
    0.29887E-01    0.33584E+04
    0.30490E-01    0.32970E+04
    0.31106E-01    0.32350E+04
    0.31735E-01    0.31727E+04
    0.32376E-01    0.31104E+04
    0.33030E-01    0.30484E+04
    0.33697E-01    0.29867E+04
    0.34378E-01    0.29257E+04
    0.35072E-01    0.28654E+04
    0.35781E-01    0.28060E+04
    0.36504E-01    0.27476E+04
    0.37241E-01    0.26904E+04
    0.37993E-01    0.26343E+04
    0.38761E-01    0.25796E+04
    0.39544E-01    0.25263E+04
    0.40343E-01    0.24745E+04
    0.41158E-01    0.24242E+04
    0.41989E-01    0.23756E+04
    0.42838E-01    0.23288E+04
    0.43703E-01    0.22841E+04
    0.44586E-01    0.22415E+04
    0.45486E-01    0.22011E+04
    0.46405E-01    0.21630E+04
    0.47343E-01    0.21269E+04
    0.48299E-01    0.20928E+04
    0.49275E-01    0.20603E+04
    0.50270E-01    0.20294E+04
    0.51286E-01    0.20000E+04
    0.52322E-01    0.19718E+04
    0.53379E-01    0.19447E+04
    0.54457E-01    0.19187E+04
    0.55557E-01    0.18934E+04
    0.56680E-01    0.18684E+04
    0.57825E-01    0.18436E+04
    0.58993E-01    0.18187E+04
    0.60184E-01    0.17935E+04
    0.61400E-01    0.17677E+04
    0.62641E-01    0.17412E+04
    0.63906E-01    0.17134E+04
    0.65197E-01    0.16841E+04
    0.66514E-01    0.16529E+04
    0.67858E-01    0.16200E+04
    0.69229E-01    0.15859E+04
    0.70627E-01    0.15510E+04
    0.72054E-01    0.15148E+04
    0.73510E-01    0.14762E+04
    0.74994E-01    0.14348E+04
    0.76509E-01    0.13911E+04
    0.78055E-01    0.13460E+04
    0.79632E-01    0.13003E+04
    0.81241E-01    0.12542E+04
    0.82882E-01    0.12081E+04
    0.84556E-01    0.11623E+04
    0.86264E-01    0.11175E+04
    0.88007E-01    0.10740E+04
    0.89785E-01    0.10325E+04
    0.91598E-01    0.99319E+03
    0.93449E-01    0.95656E+03
    0.95337E-01    0.92287E+03
    0.97263E-01    0.89235E+03
    0.99227E-01    0.86508E+03
    0.10123E+00    0.84098E+03
    0.10328E+00    0.81994E+03
    0.10536E+00    0.80162E+03
    0.10749E+00    0.78565E+03
    0.10966E+00    0.77156E+03
    0.11188E+00    0.75877E+03
    0.11414E+00    0.74673E+03
    0.11644E+00    0.73478E+03
    0.11880E+00    0.72232E+03
    0.12120E+00    0.70878E+03
    0.12365E+00    0.69367E+03
    0.12614E+00    0.67668E+03
    0.12869E+00    0.65766E+03
    0.13129E+00    0.63668E+03
    0.13394E+00    0.61398E+03
    0.13665E+00    0.58997E+03
    0.13941E+00    0.56513E+03
    0.14223E+00    0.54006E+03
    0.14510E+00    0.51541E+03
    0.14803E+00    0.49188E+03
    0.15102E+00    0.47012E+03
    0.15407E+00    0.45068E+03
    0.15718E+00    0.43382E+03
    0.16036E+00    0.41958E+03
    0.16360E+00    0.40769E+03
    0.16690E+00    0.39774E+03
    0.17028E+00    0.38918E+03
    0.17371E+00    0.38145E+03
    0.17722E+00    0.37393E+03
    0.18080E+00    0.36597E+03
    0.18446E+00    0.35699E+03
    0.18818E+00    0.34661E+03
    0.19198E+00    0.33477E+03
    0.19586E+00    0.32176E+03
    0.19982E+00    0.30807E+03
    0.20386E+00    0.29427E+03
    0.20797E+00    0.28094E+03
    0.21218E+00    0.26860E+03
    0.21646E+00    0.25766E+03
    0.22083E+00    0.24831E+03
    0.22530E+00    0.24049E+03
    0.22985E+00    0.23389E+03
    0.23449E+00    0.22802E+03
    0.23923E+00    0.22236E+03
    0.24406E+00    0.21641E+03
    0.24899E+00    0.20982E+03
    0.25402E+00    0.20250E+03
    0.25915E+00    0.19462E+03
    0.26439E+00    0.18652E+03
    0.26973E+00    0.17861E+03
    0.27518E+00    0.17126E+03
    0.28074E+00    0.16473E+03
    0.28641E+00    0.15908E+03
    0.29219E+00    0.15414E+03
    0.29810E+00    0.14961E+03
    0.30412E+00    0.14517E+03
    0.31026E+00    0.14055E+03
    0.31653E+00    0.13565E+03
    0.32292E+00    0.13052E+03
    0.32945E+00    0.12539E+03
    0.33610E+00    0.12050E+03
    0.34289E+00    0.11601E+03
    0.34982E+00    0.11197E+03
    0.35689E+00    0.10830E+03
    0.36409E+00    0.10482E+03
    0.37145E+00    0.10137E+03
    0.37895E+00    0.97854E+02
    0.38661E+00    0.94295E+02
    0.39442E+00    0.90793E+02
    0.40239E+00    0.87465E+02
    0.41052E+00    0.84369E+02
    0.41881E+00    0.81495E+02
    0.42727E+00    0.78767E+02
    0.43590E+00    0.76101E+02
    0.44471E+00    0.73458E+02
    0.45369E+00    0.70850E+02
    0.46286E+00    0.68332E+02
    0.47221E+00    0.65943E+02
    0.48174E+00    0.63685E+02
    0.49148E+00    0.61532E+02
    0.50141E+00    0.59441E+02
    0.51153E+00    0.57400E+02
    0.52187E+00    0.55415E+02
    0.53241E+00    0.53512E+02
    0.54317E+00    0.51694E+02
    0.55414E+00    0.49949E+02
    0.56533E+00    0.48265E+02
    0.57675E+00    0.46639E+02
    0.58840E+00    0.45072E+02
    0.60029E+00    0.43562E+02
    0.61242E+00    0.42109E+02
    0.62479E+00    0.40709E+02
    0.63741E+00    0.39362E+02
    0.65029E+00    0.38064E+02
    0.66342E+00    0.36814E+02
    0.67683E+00    0.35611E+02
    0.69050E+00    0.34451E+02
    0.70445E+00    0.33334E+02
    0.71868E+00    0.32257E+02
    0.73320E+00    0.31220E+02
    0.74801E+00    0.30221E+02
    0.76312E+00    0.29257E+02
    0.77854E+00    0.28329E+02
    0.79426E+00    0.27434E+02
    0.81031E+00    0.26571E+02
    0.82668E+00    0.25740E+02
    0.84338E+00    0.24938E+02
    0.86041E+00    0.24165E+02
    0.87780E+00    0.23419E+02
    0.89553E+00    0.22700E+02
    0.91362E+00    0.22007E+02
    0.93208E+00    0.21339E+02
    0.95091E+00    0.20693E+02
    0.97011E+00    0.20071E+02
    0.98971E+00    0.19470E+02
    0.10097E+01    0.18890E+02
    0.10301E+01    0.18331E+02
    0.10509E+01    0.17790E+02
    0.10721E+01    0.17268E+02
    0.10938E+01    0.16764E+02
    0.11159E+01    0.16277E+02
    0.11384E+01    0.15807E+02
    0.11614E+01    0.15353E+02
    0.11849E+01    0.14913E+02
    0.12088E+01    0.14488E+02
    0.12333E+01    0.14078E+02
    0.12582E+01    0.13680E+02
    0.12836E+01    0.13296E+02
    0.13095E+01    0.12924E+02
    0.13360E+01    0.12565E+02
    0.13630E+01    0.12216E+02
    0.13905E+01    0.11879E+02
    0.14186E+01    0.11553E+02
    0.14472E+01    0.11237E+02
    0.14765E+01    0.10930E+02
    0.15063E+01    0.10634E+02
    0.15367E+01    0.10346E+02
    0.15678E+01    0.10067E+02
    0.15994E+01    0.97964E+01
    0.16318E+01    0.95341E+01
    0.16647E+01    0.92796E+01
    0.16984E+01    0.90327E+01
    0.17327E+01    0.87930E+01
    0.17677E+01    0.85604E+01
    0.18034E+01    0.83344E+01
    0.18398E+01    0.81150E+01
    0.18770E+01    0.79018E+01
    0.19149E+01    0.76947E+01
    0.19536E+01    0.74934E+01
    0.19930E+01    0.72976E+01
    0.20333E+01    0.71073E+01
    0.20744E+01    0.69223E+01
    0.21163E+01    0.67422E+01
    0.21590E+01    0.65671E+01
    0.22026E+01    0.63966E+01
    0.22471E+01    0.62307E+01
    0.22925E+01    0.60691E+01
    0.23388E+01    0.59118E+01
    0.23861E+01    0.57586E+01
    0.24343E+01    0.56093E+01
    0.24835E+01    0.54639E+01
    0.25336E+01    0.53222E+01
    0.25848E+01    0.51841E+01
    0.26370E+01    0.50495E+01
    0.26903E+01    0.49182E+01
    0.27447E+01    0.47902E+01
    0.28001E+01    0.46653E+01
    0.28567E+01    0.45436E+01
    0.29144E+01    0.44248E+01
    0.29733E+01    0.43089E+01
    0.30333E+01    0.41958E+01
    0.30946E+01    0.40854E+01
    0.31571E+01    0.39777E+01
    0.32209E+01    0.38725E+01
    0.32860E+01    0.37699E+01
    0.33523E+01    0.36697E+01
    0.34201E+01    0.35718E+01
    0.34892E+01    0.34763E+01
    0.35596E+01    0.33830E+01
    0.36316E+01    0.32919E+01
    0.37049E+01    0.32029E+01
    0.37798E+01    0.31160E+01
    0.38561E+01    0.30311E+01
    0.39340E+01    0.29482E+01
    0.40135E+01    0.28673E+01
    0.40946E+01    0.27882E+01
    0.41773E+01    0.27110E+01
    0.42617E+01    0.26356E+01
    0.43478E+01    0.25619E+01
    0.44356E+01    0.24900E+01
    0.45252E+01    0.24197E+01
    0.46166E+01    0.23511E+01
    0.47099E+01    0.22841E+01
    0.48050E+01    0.22187E+01
    0.49021E+01    0.21548E+01
    0.50011E+01    0.20924E+01
    0.51021E+01    0.20315E+01
    0.52052E+01    0.19721E+01
    0.53104E+01    0.19141E+01
    0.54176E+01    0.18574E+01
    0.55271E+01    0.18022E+01
    0.56387E+01    0.17483E+01
    0.57526E+01    0.16957E+01
    0.58689E+01    0.16444E+01
    0.59874E+01    0.15943E+01
    0.61084E+01    0.15455E+01
    0.62318E+01    0.14979E+01
    0.63577E+01    0.14515E+01
    0.64861E+01    0.14063E+01
    0.66171E+01    0.13623E+01
    0.67508E+01    0.13193E+01
    0.68872E+01    0.12775E+01
    0.70263E+01    0.12367E+01
    0.71682E+01    0.11970E+01
    0.73130E+01    0.11584E+01
    0.74608E+01    0.11208E+01
    0.76115E+01    0.10841E+01
    0.77653E+01    0.10485E+01
    0.79221E+01    0.10138E+01
    0.80822E+01    0.98012E+00
    0.82454E+01    0.94733E+00
    0.84120E+01    0.91544E+00
    0.85819E+01    0.88445E+00
    0.87553E+01    0.85433E+00
    0.89322E+01    0.82507E+00
    0.91126E+01    0.79664E+00
    0.92967E+01    0.76903E+00
    0.94845E+01    0.74223E+00
    0.96761E+01    0.71621E+00
    0.98716E+01    0.69096E+00
    0.10071E+02    0.66646E+00
    0.10274E+02    0.64269E+00
    0.10482E+02    0.61964E+00
    0.10694E+02    0.59730E+00
    0.10910E+02    0.57564E+00
    0.11130E+02    0.55466E+00
    0.11355E+02    0.53432E+00
    0.11584E+02    0.51463E+00
    0.11818E+02    0.49556E+00
    0.12057E+02    0.47710E+00
    0.12301E+02    0.45923E+00
    0.12549E+02    0.44195E+00
    0.12803E+02    0.42522E+00
    0.13061E+02    0.40905E+00
    0.13325E+02    0.39341E+00
    0.13594E+02    0.37830E+00
    0.13869E+02    0.36370E+00
    0.14149E+02    0.34959E+00
    0.14435E+02    0.33596E+00
    0.14727E+02    0.32280E+00
    0.15024E+02    0.31010E+00
    0.15328E+02    0.29784E+00
    0.15637E+02    0.28601E+00
    0.15953E+02    0.27460E+00
    0.16275E+02    0.26360E+00
    0.16604E+02    0.25299E+00
    0.16940E+02    0.24277E+00
    0.17282E+02    0.23292E+00
    0.17631E+02    0.22343E+00
    0.17987E+02    0.21429E+00
    0.18351E+02    0.20548E+00
    0.18721E+02    0.19701E+00
    0.19099E+02    0.18886E+00
    0.19485E+02    0.18101E+00
    0.19879E+02    0.17346E+00
    0.20280E+02    0.16620E+00
    0.20690E+02    0.15922E+00
    0.21108E+02    0.15251E+00
    0.21535E+02    0.14606E+00
    0.21970E+02    0.13987E+00
    0.22413E+02    0.13391E+00
    0.22866E+02    0.12819E+00
    0.23328E+02    0.12270E+00
    0.23799E+02    0.11743E+00
    0.24280E+02    0.11237E+00
    0.24771E+02    0.10752E+00
    0.25271E+02    0.10286E+00
    0.25782E+02    0.98390E-01
    0.26302E+02    0.94104E-01
    0.26834E+02    0.89993E-01
    0.27376E+02    0.86052E-01
    0.27929E+02    0.82274E-01
    0.28493E+02    0.78653E-01
    0.29069E+02    0.75184E-01
    0.29656E+02    0.71859E-01
    0.30255E+02    0.68674E-01
    0.30866E+02    0.65624E-01
    0.31490E+02    0.62703E-01
    0.32126E+02    0.59906E-01
    0.32775E+02    0.57228E-01
    0.33437E+02    0.54664E-01
    0.34112E+02    0.52211E-01
    0.34801E+02    0.49863E-01
    0.35504E+02    0.47617E-01
    0.36222E+02    0.45468E-01
    0.36953E+02    0.43413E-01
    0.37700E+02    0.41447E-01
    0.38462E+02    0.39567E-01
    0.39239E+02    0.37769E-01
    0.40031E+02    0.36051E-01
    0.40840E+02    0.34408E-01
    0.41665E+02    0.32838E-01
    0.42507E+02    0.31337E-01
    0.43365E+02    0.29903E-01
    0.44241E+02    0.28532E-01
    0.45135E+02    0.27222E-01
    0.46047E+02    0.25971E-01
    0.46977E+02    0.24775E-01
    0.47926E+02    0.23633E-01
    0.48894E+02    0.22542E-01
    0.49882E+02    0.21499E-01
    0.50890E+02    0.20504E-01
    0.51918E+02    0.19554E-01
    0.52966E+02    0.18647E-01
    0.54036E+02    0.17781E-01
    0.55128E+02    0.16955E-01
    0.56242E+02    0.16167E-01
    0.57378E+02    0.15415E-01
    0.58537E+02    0.14699E-01
