    0.10000E-03    0.68778E+02
    0.10202E-03    0.70111E+02
    0.10408E-03    0.71469E+02
    0.10618E-03    0.72854E+02
    0.10833E-03    0.74265E+02
    0.11052E-03    0.75704E+02
    0.11275E-03    0.77171E+02
    0.11503E-03    0.78666E+02
    0.11735E-03    0.80190E+02
    0.11972E-03    0.81743E+02
    0.12214E-03    0.83327E+02
    0.12461E-03    0.84941E+02
    0.12712E-03    0.86586E+02
    0.12969E-03    0.88264E+02
    0.13231E-03    0.89973E+02
    0.13499E-03    0.91716E+02
    0.13771E-03    0.93492E+02
    0.14049E-03    0.95303E+02
    0.14333E-03    0.97149E+02
    0.14623E-03    0.99030E+02
    0.14918E-03    0.10095E+03
    0.15220E-03    0.10290E+03
    0.15527E-03    0.10490E+03
    0.15841E-03    0.10693E+03
    0.16161E-03    0.10900E+03
    0.16487E-03    0.11111E+03
    0.16820E-03    0.11326E+03
    0.17160E-03    0.11545E+03
    0.17507E-03    0.11769E+03
    0.17860E-03    0.11996E+03
    0.18221E-03    0.12229E+03
    0.18589E-03    0.12465E+03
    0.18965E-03    0.12706E+03
    0.19348E-03    0.12952E+03
    0.19739E-03    0.13203E+03
    0.20138E-03    0.13458E+03
    0.20544E-03    0.13719E+03
    0.20959E-03    0.13984E+03
    0.21383E-03    0.14255E+03
    0.21815E-03    0.14530E+03
    0.22255E-03    0.14811E+03
    0.22705E-03    0.15098E+03
    0.23164E-03    0.15390E+03
    0.23632E-03    0.15687E+03
    0.24109E-03    0.15991E+03
    0.24596E-03    0.16300E+03
    0.25093E-03    0.16615E+03
    0.25600E-03    0.16936E+03
    0.26117E-03    0.17263E+03
    0.26645E-03    0.17597E+03
    0.27183E-03    0.17937E+03
    0.27732E-03    0.18283E+03
    0.28292E-03    0.18636E+03
    0.28864E-03    0.18996E+03
    0.29447E-03    0.19363E+03
    0.30042E-03    0.19737E+03
    0.30649E-03    0.20118E+03
    0.31268E-03    0.20506E+03
    0.31899E-03    0.20902E+03
    0.32544E-03    0.21305E+03
    0.33201E-03    0.21716E+03
    0.33872E-03    0.22135E+03
    0.34556E-03    0.22561E+03
    0.35254E-03    0.22996E+03
    0.35966E-03    0.23439E+03
    0.36693E-03    0.23891E+03
    0.37434E-03    0.24351E+03
    0.38190E-03    0.24820E+03
    0.38962E-03    0.25298E+03
    0.39749E-03    0.25785E+03
    0.40552E-03    0.26281E+03
    0.41371E-03    0.26787E+03
    0.42207E-03    0.27302E+03
    0.43060E-03    0.27826E+03
    0.43929E-03    0.28361E+03
    0.44817E-03    0.28906E+03
    0.45722E-03    0.29461E+03
    0.46646E-03    0.30027E+03
    0.47588E-03    0.30603E+03
    0.48550E-03    0.31190E+03
    0.49530E-03    0.31788E+03
    0.50531E-03    0.32397E+03
    0.51552E-03    0.33018E+03
    0.52593E-03    0.33650E+03
    0.53656E-03    0.34294E+03
    0.54739E-03    0.34950E+03
    0.55845E-03    0.35619E+03
    0.56973E-03    0.36299E+03
    0.58124E-03    0.36993E+03
    0.59299E-03    0.37699E+03
    0.60496E-03    0.38418E+03
    0.61719E-03    0.39151E+03
    0.62965E-03    0.39897E+03
    0.64237E-03    0.40657E+03
    0.65535E-03    0.41431E+03
    0.66859E-03    0.42218E+03
    0.68210E-03    0.43021E+03
    0.69588E-03    0.43838E+03
    0.70993E-03    0.44670E+03
    0.72427E-03    0.45517E+03
    0.73891E-03    0.46379E+03
    0.75383E-03    0.47257E+03
    0.76906E-03    0.48151E+03
    0.78460E-03    0.49061E+03
    0.80045E-03    0.49988E+03
    0.81662E-03    0.50930E+03
    0.83311E-03    0.51890E+03
    0.84994E-03    0.52867E+03
    0.86711E-03    0.53861E+03
    0.88463E-03    0.54873E+03
    0.90250E-03    0.55903E+03
    0.92073E-03    0.56951E+03
    0.93933E-03    0.58018E+03
    0.95831E-03    0.59103E+03
    0.97767E-03    0.60207E+03
    0.99742E-03    0.61330E+03
    0.10176E-02    0.62473E+03
    0.10381E-02    0.63635E+03
    0.10591E-02    0.64818E+03
    0.10805E-02    0.66020E+03
    0.11023E-02    0.67244E+03
    0.11246E-02    0.68488E+03
    0.11473E-02    0.69753E+03
    0.11705E-02    0.71040E+03
    0.11941E-02    0.72348E+03
    0.12182E-02    0.73679E+03
    0.12429E-02    0.75031E+03
    0.12680E-02    0.76406E+03
    0.12936E-02    0.77804E+03
    0.13197E-02    0.79225E+03
    0.13464E-02    0.80669E+03
    0.13736E-02    0.82136E+03
    0.14013E-02    0.83627E+03
    0.14296E-02    0.85143E+03
    0.14585E-02    0.86683E+03
    0.14880E-02    0.88247E+03
    0.15180E-02    0.89836E+03
    0.15487E-02    0.91451E+03
    0.15800E-02    0.93090E+03
    0.16119E-02    0.94756E+03
    0.16445E-02    0.96447E+03
    0.16777E-02    0.98164E+03
    0.17116E-02    0.99907E+03
    0.17462E-02    0.10168E+04
    0.17814E-02    0.10347E+04
    0.18174E-02    0.10530E+04
    0.18541E-02    0.10715E+04
    0.18916E-02    0.10903E+04
    0.19298E-02    0.11093E+04
    0.19688E-02    0.11286E+04
    0.20086E-02    0.11483E+04
    0.20491E-02    0.11681E+04
    0.20905E-02    0.11883E+04
    0.21328E-02    0.12088E+04
    0.21758E-02    0.12295E+04
    0.22198E-02    0.12505E+04
    0.22646E-02    0.12718E+04
    0.23104E-02    0.12934E+04
    0.23571E-02    0.13153E+04
    0.24047E-02    0.13374E+04
    0.24533E-02    0.13599E+04
    0.25028E-02    0.13826E+04
    0.25534E-02    0.14056E+04
    0.26050E-02    0.14289E+04
    0.26576E-02    0.14525E+04
    0.27113E-02    0.14764E+04
    0.27660E-02    0.15006E+04
    0.28219E-02    0.15250E+04
    0.28789E-02    0.15497E+04
    0.29371E-02    0.15747E+04
    0.29964E-02    0.16000E+04
    0.30569E-02    0.16256E+04
    0.31187E-02    0.16514E+04
    0.31817E-02    0.16775E+04
    0.32460E-02    0.17039E+04
    0.33115E-02    0.17306E+04
    0.33784E-02    0.17575E+04
    0.34467E-02    0.17846E+04
    0.35163E-02    0.18121E+04
    0.35874E-02    0.18397E+04
    0.36598E-02    0.18676E+04
    0.37338E-02    0.18958E+04
    0.38092E-02    0.19242E+04
    0.38861E-02    0.19528E+04
    0.39646E-02    0.19816E+04
    0.40447E-02    0.20107E+04
    0.41264E-02    0.20400E+04
    0.42098E-02    0.20694E+04
    0.42948E-02    0.20991E+04
    0.43816E-02    0.21290E+04
    0.44701E-02    0.21590E+04
    0.45604E-02    0.21892E+04
    0.46525E-02    0.22195E+04
    0.47465E-02    0.22498E+04
    0.48424E-02    0.22803E+04
    0.49402E-02    0.23109E+04
    0.50400E-02    0.23416E+04
    0.51419E-02    0.23724E+04
    0.52457E-02    0.24034E+04
    0.53517E-02    0.24345E+04
    0.54598E-02    0.24657E+04
    0.55701E-02    0.24970E+04
    0.56826E-02    0.25283E+04
    0.57974E-02    0.25595E+04
    0.59145E-02    0.25908E+04
    0.60340E-02    0.26221E+04
    0.61559E-02    0.26533E+04
    0.62803E-02    0.26844E+04
    0.64072E-02    0.27155E+04
    0.65366E-02    0.27465E+04
    0.66686E-02    0.27774E+04
    0.68033E-02    0.28082E+04
    0.69408E-02    0.28388E+04
    0.70810E-02    0.28693E+04
    0.72240E-02    0.28995E+04
    0.73700E-02    0.29295E+04
    0.75189E-02    0.29593E+04
    0.76708E-02    0.29888E+04
    0.78257E-02    0.30180E+04
    0.79838E-02    0.30469E+04
    0.81451E-02    0.30754E+04
    0.83096E-02    0.31036E+04
    0.84775E-02    0.31313E+04
    0.86488E-02    0.31587E+04
    0.88235E-02    0.31855E+04
    0.90017E-02    0.32119E+04
    0.91836E-02    0.32377E+04
    0.93691E-02    0.32630E+04
    0.95583E-02    0.32876E+04
    0.97514E-02    0.33117E+04
    0.99484E-02    0.33351E+04
    0.10149E-01    0.33577E+04
    0.10354E-01    0.33797E+04
    0.10564E-01    0.34009E+04
    0.10777E-01    0.34213E+04
    0.10995E-01    0.34408E+04
    0.11217E-01    0.34595E+04
    0.11443E-01    0.34772E+04
    0.11675E-01    0.34939E+04
    0.11910E-01    0.35097E+04
    0.12151E-01    0.35245E+04
    0.12397E-01    0.35382E+04
    0.12647E-01    0.35509E+04
    0.12902E-01    0.35624E+04
    0.13163E-01    0.35727E+04
    0.13429E-01    0.35817E+04
    0.13700E-01    0.35892E+04
    0.13977E-01    0.35952E+04
    0.14259E-01    0.35997E+04
    0.14547E-01    0.36030E+04
    0.14841E-01    0.36054E+04
    0.15141E-01    0.36070E+04
    0.15447E-01    0.36080E+04
    0.15759E-01    0.36081E+04
    0.16077E-01    0.36070E+04
    0.16402E-01    0.36042E+04
    0.16734E-01    0.35993E+04
    0.17072E-01    0.35919E+04
    0.17416E-01    0.35822E+04
    0.17768E-01    0.35704E+04
    0.18127E-01    0.35568E+04
    0.18493E-01    0.35416E+04
    0.18867E-01    0.35250E+04
    0.19248E-01    0.35068E+04
    0.19637E-01    0.34869E+04
    0.20034E-01    0.34650E+04
    0.20438E-01    0.34407E+04
    0.20851E-01    0.34140E+04
    0.21272E-01    0.33850E+04
    0.21702E-01    0.33541E+04
    0.22141E-01    0.33216E+04
    0.22588E-01    0.32877E+04
    0.23044E-01    0.32528E+04
    0.23510E-01    0.32168E+04
    0.23985E-01    0.31798E+04
    0.24469E-01    0.31416E+04
    0.24964E-01    0.31024E+04
    0.25468E-01    0.30622E+04
    0.25982E-01    0.30208E+04
    0.26507E-01    0.29783E+04
    0.27043E-01    0.29345E+04
    0.27589E-01    0.28896E+04
    0.28146E-01    0.28435E+04
    0.28715E-01    0.27963E+04
    0.29295E-01    0.27482E+04
    0.29887E-01    0.26994E+04
    0.30490E-01    0.26500E+04
    0.31106E-01    0.26002E+04
    0.31735E-01    0.25502E+04
    0.32376E-01    0.25001E+04
    0.33030E-01    0.24502E+04
    0.33697E-01    0.24006E+04
    0.34378E-01    0.23516E+04
    0.35072E-01    0.23031E+04
    0.35781E-01    0.22554E+04
    0.36504E-01    0.22084E+04
    0.37241E-01    0.21624E+04
    0.37993E-01    0.21174E+04
    0.38761E-01    0.20733E+04
    0.39544E-01    0.20305E+04
    0.40343E-01    0.19888E+04
    0.41158E-01    0.19484E+04
    0.41989E-01    0.19093E+04
    0.42838E-01    0.18717E+04
    0.43703E-01    0.18357E+04
    0.44586E-01    0.18014E+04
    0.45486E-01    0.17690E+04
    0.46405E-01    0.17383E+04
    0.47343E-01    0.17094E+04
    0.48299E-01    0.16819E+04
    0.49275E-01    0.16558E+04
    0.50270E-01    0.16310E+04
    0.51286E-01    0.16073E+04
    0.52322E-01    0.15846E+04
    0.53379E-01    0.15629E+04
    0.54457E-01    0.15420E+04
    0.55557E-01    0.15216E+04
    0.56680E-01    0.15016E+04
    0.57825E-01    0.14817E+04
    0.58993E-01    0.14617E+04
    0.60184E-01    0.14414E+04
    0.61400E-01    0.14207E+04
    0.62641E-01    0.13994E+04
    0.63906E-01    0.13771E+04
    0.65197E-01    0.13535E+04
    0.66514E-01    0.13284E+04
    0.67858E-01    0.13020E+04
    0.69229E-01    0.12746E+04
    0.70627E-01    0.12465E+04
    0.72054E-01    0.12174E+04
    0.73510E-01    0.11864E+04
    0.74994E-01    0.11530E+04
    0.76509E-01    0.11178E+04
    0.78055E-01    0.10815E+04
    0.79632E-01    0.10446E+04
    0.81241E-01    0.10075E+04
    0.82882E-01    0.97034E+03
    0.84556E-01    0.93347E+03
    0.86264E-01    0.89733E+03
    0.88007E-01    0.86230E+03
    0.89785E-01    0.82879E+03
    0.91598E-01    0.79713E+03
    0.93449E-01    0.76760E+03
    0.95337E-01    0.74044E+03
    0.97263E-01    0.71586E+03
    0.99227E-01    0.69388E+03
    0.10123E+00    0.67448E+03
    0.10328E+00    0.65755E+03
    0.10536E+00    0.64282E+03
    0.10749E+00    0.62999E+03
    0.10966E+00    0.61869E+03
    0.11188E+00    0.60844E+03
    0.11414E+00    0.59880E+03
    0.11644E+00    0.58924E+03
    0.11880E+00    0.57926E+03
    0.12120E+00    0.56841E+03
    0.12365E+00    0.55628E+03
    0.12614E+00    0.54262E+03
    0.12869E+00    0.52731E+03
    0.13129E+00    0.51041E+03
    0.13394E+00    0.49211E+03
    0.13665E+00    0.47273E+03
    0.13941E+00    0.45266E+03
    0.14223E+00    0.43242E+03
    0.14510E+00    0.41250E+03
    0.14803E+00    0.39349E+03
    0.15102E+00    0.37591E+03
    0.15407E+00    0.36020E+03
    0.15718E+00    0.34660E+03
    0.16036E+00    0.33513E+03
    0.16360E+00    0.32557E+03
    0.16690E+00    0.31758E+03
    0.17028E+00    0.31073E+03
    0.17371E+00    0.30456E+03
    0.17722E+00    0.29855E+03
    0.18080E+00    0.29218E+03
    0.18446E+00    0.28498E+03
    0.18818E+00    0.27663E+03
    0.19198E+00    0.26709E+03
    0.19586E+00    0.25658E+03
    0.19982E+00    0.24552E+03
    0.20386E+00    0.23436E+03
    0.20797E+00    0.22357E+03
    0.21218E+00    0.21360E+03
    0.21646E+00    0.20476E+03
    0.22083E+00    0.19722E+03
    0.22530E+00    0.19093E+03
    0.22985E+00    0.18563E+03
    0.23449E+00    0.18094E+03
    0.23923E+00    0.17641E+03
    0.24406E+00    0.17164E+03
    0.24899E+00    0.16635E+03
    0.25402E+00    0.16045E+03
    0.25915E+00    0.15409E+03
    0.26439E+00    0.14754E+03
    0.26973E+00    0.14115E+03
    0.27518E+00    0.13521E+03
    0.28074E+00    0.12994E+03
    0.28641E+00    0.12539E+03
    0.29219E+00    0.12143E+03
    0.29810E+00    0.11780E+03
    0.30412E+00    0.11424E+03
    0.31026E+00    0.11053E+03
    0.31653E+00    0.10659E+03
    0.32292E+00    0.10246E+03
    0.32945E+00    0.98315E+02
    0.33610E+00    0.94374E+02
    0.34289E+00    0.90759E+02
    0.34982E+00    0.87507E+02
    0.35689E+00    0.84562E+02
    0.36409E+00    0.81778E+02
    0.37145E+00    0.79009E+02
    0.37895E+00    0.76188E+02
    0.38661E+00    0.73327E+02
    0.39442E+00    0.70510E+02
    0.40239E+00    0.67835E+02
    0.41052E+00    0.65350E+02
    0.41881E+00    0.63047E+02
    0.42727E+00    0.60864E+02
    0.43590E+00    0.58730E+02
    0.44471E+00    0.56613E+02
    0.45369E+00    0.54523E+02
    0.46286E+00    0.52505E+02
    0.47221E+00    0.50594E+02
    0.48174E+00    0.48789E+02
    0.49148E+00    0.47070E+02
    0.50141E+00    0.45401E+02
    0.51153E+00    0.43771E+02
    0.52187E+00    0.42187E+02
    0.53241E+00    0.40669E+02
    0.54317E+00    0.39221E+02
    0.55414E+00    0.37832E+02
    0.56533E+00    0.36492E+02
    0.57675E+00    0.35200E+02
    0.58840E+00    0.33955E+02
    0.60029E+00    0.32757E+02
    0.61242E+00    0.31605E+02
    0.62479E+00    0.30496E+02
    0.63741E+00    0.29429E+02
    0.65029E+00    0.28403E+02
    0.66342E+00    0.27416E+02
    0.67683E+00    0.26466E+02
    0.69050E+00    0.25552E+02
    0.70445E+00    0.24673E+02
    0.71868E+00    0.23826E+02
    0.73320E+00    0.23012E+02
    0.74801E+00    0.22227E+02
    0.76312E+00    0.21473E+02
    0.77854E+00    0.20746E+02
    0.79426E+00    0.20047E+02
    0.81031E+00    0.19374E+02
    0.82668E+00    0.18726E+02
    0.84338E+00    0.18103E+02
    0.86041E+00    0.17502E+02
    0.87780E+00    0.16924E+02
    0.89553E+00    0.16368E+02
    0.91362E+00    0.15832E+02
    0.93208E+00    0.15316E+02
    0.95091E+00    0.14820E+02
    0.97011E+00    0.14341E+02
    0.98971E+00    0.13881E+02
    0.10097E+01    0.13437E+02
    0.10301E+01    0.13009E+02
    0.10509E+01    0.12597E+02
    0.10721E+01    0.12200E+02
    0.10938E+01    0.11817E+02
    0.11159E+01    0.11449E+02
    0.11384E+01    0.11093E+02
    0.11614E+01    0.10750E+02
    0.11849E+01    0.10420E+02
    0.12088E+01    0.10101E+02
    0.12333E+01    0.97936E+01
    0.12582E+01    0.94970E+01
    0.12836E+01    0.92107E+01
    0.13095E+01    0.89345E+01
    0.13360E+01    0.86679E+01
    0.13630E+01    0.84105E+01
    0.13905E+01    0.81620E+01
    0.14186E+01    0.79220E+01
    0.14472E+01    0.76902E+01
    0.14765E+01    0.74663E+01
    0.15063E+01    0.72499E+01
    0.15367E+01    0.70407E+01
    0.15678E+01    0.68385E+01
    0.15994E+01    0.66430E+01
    0.16318E+01    0.64540E+01
    0.16647E+01    0.62711E+01
    0.16984E+01    0.60942E+01
    0.17327E+01    0.59230E+01
    0.17677E+01    0.57572E+01
    0.18034E+01    0.55968E+01
    0.18398E+01    0.54414E+01
    0.18770E+01    0.52909E+01
    0.19149E+01    0.51451E+01
    0.19536E+01    0.50039E+01
    0.19930E+01    0.48669E+01
    0.20333E+01    0.47342E+01
    0.20744E+01    0.46055E+01
    0.21163E+01    0.44806E+01
    0.21590E+01    0.43595E+01
    0.22026E+01    0.42420E+01
    0.22471E+01    0.41280E+01
    0.22925E+01    0.40172E+01
    0.23388E+01    0.39097E+01
    0.23861E+01    0.38053E+01
    0.24343E+01    0.37039E+01
    0.24835E+01    0.36053E+01
    0.25336E+01    0.35095E+01
    0.25848E+01    0.34164E+01
    0.26370E+01    0.33259E+01
    0.26903E+01    0.32378E+01
    0.27447E+01    0.31522E+01
    0.28001E+01    0.30689E+01
    0.28567E+01    0.29878E+01
    0.29144E+01    0.29089E+01
    0.29733E+01    0.28321E+01
    0.30333E+01    0.27574E+01
    0.30946E+01    0.26846E+01
    0.31571E+01    0.26136E+01
    0.32209E+01    0.25446E+01
    0.32860E+01    0.24773E+01
    0.33523E+01    0.24117E+01
    0.34201E+01    0.23478E+01
    0.34892E+01    0.22854E+01
    0.35596E+01    0.22247E+01
    0.36316E+01    0.21655E+01
    0.37049E+01    0.21077E+01
    0.37798E+01    0.20514E+01
    0.38561E+01    0.19965E+01
    0.39340E+01    0.19429E+01
    0.40135E+01    0.18906E+01
    0.40946E+01    0.18396E+01
    0.41773E+01    0.17899E+01
    0.42617E+01    0.17413E+01
    0.43478E+01    0.16939E+01
    0.44356E+01    0.16477E+01
    0.45252E+01    0.16025E+01
    0.46166E+01    0.15585E+01
    0.47099E+01    0.15155E+01
    0.48050E+01    0.14735E+01
    0.49021E+01    0.14325E+01
    0.50011E+01    0.13925E+01
    0.51021E+01    0.13535E+01
    0.52052E+01    0.13154E+01
    0.53104E+01    0.12782E+01
    0.54176E+01    0.12418E+01
    0.55271E+01    0.12064E+01
    0.56387E+01    0.11718E+01
    0.57526E+01    0.11380E+01
    0.58689E+01    0.11051E+01
    0.59874E+01    0.10729E+01
    0.61084E+01    0.10415E+01
    0.62318E+01    0.10109E+01
    0.63577E+01    0.98099E+00
    0.64861E+01    0.95184E+00
    0.66171E+01    0.92339E+00
    0.67508E+01    0.89565E+00
    0.68872E+01    0.86859E+00
    0.70263E+01    0.84220E+00
    0.71682E+01    0.81646E+00
    0.73130E+01    0.79138E+00
    0.74608E+01    0.76692E+00
    0.76115E+01    0.74308E+00
    0.77653E+01    0.71986E+00
    0.79221E+01    0.69722E+00
    0.80822E+01    0.67517E+00
    0.82454E+01    0.65369E+00
    0.84120E+01    0.63278E+00
    0.85819E+01    0.61241E+00
    0.87553E+01    0.59258E+00
    0.89322E+01    0.57328E+00
    0.91126E+01    0.55450E+00
    0.92967E+01    0.53623E+00
    0.94845E+01    0.51846E+00
    0.96761E+01    0.50117E+00
    0.98716E+01    0.48437E+00
    0.10071E+02    0.46803E+00
    0.10274E+02    0.45215E+00
    0.10482E+02    0.43672E+00
    0.10694E+02    0.42173E+00
    0.10910E+02    0.40717E+00
    0.11130E+02    0.39303E+00
    0.11355E+02    0.37931E+00
    0.11584E+02    0.36599E+00
    0.11818E+02    0.35306E+00
    0.12057E+02    0.34052E+00
    0.12301E+02    0.32836E+00
    0.12549E+02    0.31657E+00
    0.12803E+02    0.30514E+00
    0.13061E+02    0.29406E+00
    0.13325E+02    0.28333E+00
    0.13594E+02    0.27293E+00
    0.13869E+02    0.26286E+00
    0.14149E+02    0.25311E+00
    0.14435E+02    0.24368E+00
    0.14727E+02    0.23454E+00
    0.15024E+02    0.22571E+00
    0.15328E+02    0.21716E+00
    0.15637E+02    0.20890E+00
    0.15953E+02    0.20091E+00
    0.16275E+02    0.19319E+00
    0.16604E+02    0.18573E+00
    0.16940E+02    0.17852E+00
    0.17282E+02    0.17156E+00
    0.17631E+02    0.16484E+00
    0.17987E+02    0.15835E+00
    0.18351E+02    0.15209E+00
    0.18721E+02    0.14605E+00
    0.19099E+02    0.14022E+00
    0.19485E+02    0.13460E+00
    0.19879E+02    0.12918E+00
    0.20280E+02    0.12396E+00
    0.20690E+02    0.11893E+00
    0.21108E+02    0.11408E+00
    0.21535E+02    0.10941E+00
    0.21970E+02    0.10492E+00
    0.22413E+02    0.10059E+00
    0.22866E+02    0.96423E-01
    0.23328E+02    0.92414E-01
    0.23799E+02    0.88558E-01
    0.24280E+02    0.84849E-01
    0.24771E+02    0.81283E-01
    0.25271E+02    0.77855E-01
    0.25782E+02    0.74560E-01
    0.26302E+02    0.71393E-01
    0.26834E+02    0.68352E-01
    0.27376E+02    0.65430E-01
    0.27929E+02    0.62624E-01
    0.28493E+02    0.59931E-01
    0.29069E+02    0.57345E-01
    0.29656E+02    0.54864E-01
    0.30255E+02    0.52483E-01
    0.30866E+02    0.50199E-01
    0.31490E+02    0.48008E-01
    0.32126E+02    0.45907E-01
    0.32775E+02    0.43893E-01
    0.33437E+02    0.41962E-01
    0.34112E+02    0.40111E-01
    0.34801E+02    0.38338E-01
    0.35504E+02    0.36639E-01
    0.36222E+02    0.35011E-01
    0.36953E+02    0.33453E-01
    0.37700E+02    0.31960E-01
    0.38462E+02    0.30531E-01
    0.39239E+02    0.29163E-01
    0.40031E+02    0.27854E-01
    0.40840E+02    0.26601E-01
    0.41665E+02    0.25403E-01
    0.42507E+02    0.24256E-01
    0.43365E+02    0.23158E-01
    0.44241E+02    0.22109E-01
    0.45135E+02    0.21105E-01
    0.46047E+02    0.20144E-01
    0.46977E+02    0.19226E-01
    0.47926E+02    0.18348E-01
    0.48894E+02    0.17508E-01
    0.49882E+02    0.16706E-01
    0.50890E+02    0.15939E-01
    0.51918E+02    0.15206E-01
    0.52966E+02    0.14506E-01
    0.54036E+02    0.13837E-01
    0.55128E+02    0.13199E-01
    0.56242E+02    0.12590E-01
    0.57378E+02    0.12008E-01
    0.58537E+02    0.11454E-01
