    0.10000E-03    0.14706E+03
    0.10202E-03    0.14991E+03
    0.10408E-03    0.15281E+03
    0.10618E-03    0.15577E+03
    0.10833E-03    0.15879E+03
    0.11052E-03    0.16187E+03
    0.11275E-03    0.16500E+03
    0.11503E-03    0.16820E+03
    0.11735E-03    0.17146E+03
    0.11972E-03    0.17478E+03
    0.12214E-03    0.17817E+03
    0.12461E-03    0.18162E+03
    0.12712E-03    0.18513E+03
    0.12969E-03    0.18872E+03
    0.13231E-03    0.19237E+03
    0.13499E-03    0.19610E+03
    0.13771E-03    0.19990E+03
    0.14049E-03    0.20377E+03
    0.14333E-03    0.20772E+03
    0.14623E-03    0.21174E+03
    0.14918E-03    0.21584E+03
    0.15220E-03    0.22002E+03
    0.15527E-03    0.22428E+03
    0.15841E-03    0.22862E+03
    0.16161E-03    0.23304E+03
    0.16487E-03    0.23756E+03
    0.16820E-03    0.24215E+03
    0.17160E-03    0.24684E+03
    0.17507E-03    0.25162E+03
    0.17860E-03    0.25649E+03
    0.18221E-03    0.26145E+03
    0.18589E-03    0.26651E+03
    0.18965E-03    0.27167E+03
    0.19348E-03    0.27693E+03
    0.19739E-03    0.28228E+03
    0.20138E-03    0.28774E+03
    0.20544E-03    0.29331E+03
    0.20959E-03    0.29898E+03
    0.21383E-03    0.30477E+03
    0.21815E-03    0.31066E+03
    0.22255E-03    0.31667E+03
    0.22705E-03    0.32279E+03
    0.23164E-03    0.32903E+03
    0.23632E-03    0.33539E+03
    0.24109E-03    0.34187E+03
    0.24596E-03    0.34848E+03
    0.25093E-03    0.35521E+03
    0.25600E-03    0.36208E+03
    0.26117E-03    0.36907E+03
    0.26645E-03    0.37620E+03
    0.27183E-03    0.38346E+03
    0.27732E-03    0.39087E+03
    0.28292E-03    0.39842E+03
    0.28864E-03    0.40611E+03
    0.29447E-03    0.41395E+03
    0.30042E-03    0.42193E+03
    0.30649E-03    0.43007E+03
    0.31268E-03    0.43837E+03
    0.31899E-03    0.44683E+03
    0.32544E-03    0.45544E+03
    0.33201E-03    0.46422E+03
    0.33872E-03    0.47317E+03
    0.34556E-03    0.48229E+03
    0.35254E-03    0.49158E+03
    0.35966E-03    0.50105E+03
    0.36693E-03    0.51070E+03
    0.37434E-03    0.52053E+03
    0.38190E-03    0.53054E+03
    0.38962E-03    0.54075E+03
    0.39749E-03    0.55115E+03
    0.40552E-03    0.56175E+03
    0.41371E-03    0.57255E+03
    0.42207E-03    0.58355E+03
    0.43060E-03    0.59476E+03
    0.43929E-03    0.60619E+03
    0.44817E-03    0.61782E+03
    0.45722E-03    0.62968E+03
    0.46646E-03    0.64176E+03
    0.47588E-03    0.65406E+03
    0.48550E-03    0.66660E+03
    0.49530E-03    0.67937E+03
    0.50531E-03    0.69238E+03
    0.51552E-03    0.70563E+03
    0.52593E-03    0.71913E+03
    0.53656E-03    0.73288E+03
    0.54739E-03    0.74689E+03
    0.55845E-03    0.76116E+03
    0.56973E-03    0.77569E+03
    0.58124E-03    0.79049E+03
    0.59299E-03    0.80556E+03
    0.60496E-03    0.82092E+03
    0.61719E-03    0.83655E+03
    0.62965E-03    0.85248E+03
    0.64237E-03    0.86869E+03
    0.65535E-03    0.88521E+03
    0.66859E-03    0.90202E+03
    0.68210E-03    0.91914E+03
    0.69588E-03    0.93658E+03
    0.70993E-03    0.95433E+03
    0.72427E-03    0.97240E+03
    0.73891E-03    0.99080E+03
    0.75383E-03    0.10095E+04
    0.76906E-03    0.10286E+04
    0.78460E-03    0.10480E+04
    0.80045E-03    0.10678E+04
    0.81662E-03    0.10879E+04
    0.83311E-03    0.11084E+04
    0.84994E-03    0.11292E+04
    0.86711E-03    0.11504E+04
    0.88463E-03    0.11720E+04
    0.90250E-03    0.11940E+04
    0.92073E-03    0.12163E+04
    0.93933E-03    0.12391E+04
    0.95831E-03    0.12622E+04
    0.97767E-03    0.12858E+04
    0.99742E-03    0.13097E+04
    0.10176E-02    0.13341E+04
    0.10381E-02    0.13589E+04
    0.10591E-02    0.13841E+04
    0.10805E-02    0.14098E+04
    0.11023E-02    0.14358E+04
    0.11246E-02    0.14624E+04
    0.11473E-02    0.14894E+04
    0.11705E-02    0.15168E+04
    0.11941E-02    0.15447E+04
    0.12182E-02    0.15731E+04
    0.12429E-02    0.16019E+04
    0.12680E-02    0.16313E+04
    0.12936E-02    0.16611E+04
    0.13197E-02    0.16914E+04
    0.13464E-02    0.17222E+04
    0.13736E-02    0.17535E+04
    0.14013E-02    0.17853E+04
    0.14296E-02    0.18176E+04
    0.14585E-02    0.18505E+04
    0.14880E-02    0.18839E+04
    0.15180E-02    0.19178E+04
    0.15487E-02    0.19522E+04
    0.15800E-02    0.19872E+04
    0.16119E-02    0.20227E+04
    0.16445E-02    0.20588E+04
    0.16777E-02    0.20954E+04
    0.17116E-02    0.21326E+04
    0.17462E-02    0.21704E+04
    0.17814E-02    0.22087E+04
    0.18174E-02    0.22476E+04
    0.18541E-02    0.22871E+04
    0.18916E-02    0.23272E+04
    0.19298E-02    0.23678E+04
    0.19688E-02    0.24091E+04
    0.20086E-02    0.24509E+04
    0.20491E-02    0.24933E+04
    0.20905E-02    0.25364E+04
    0.21328E-02    0.25800E+04
    0.21758E-02    0.26242E+04
    0.22198E-02    0.26691E+04
    0.22646E-02    0.27145E+04
    0.23104E-02    0.27606E+04
    0.23571E-02    0.28072E+04
    0.24047E-02    0.28545E+04
    0.24533E-02    0.29024E+04
    0.25028E-02    0.29509E+04
    0.25534E-02    0.30000E+04
    0.26050E-02    0.30498E+04
    0.26576E-02    0.31001E+04
    0.27113E-02    0.31511E+04
    0.27660E-02    0.32026E+04
    0.28219E-02    0.32548E+04
    0.28789E-02    0.33075E+04
    0.29371E-02    0.33609E+04
    0.29964E-02    0.34149E+04
    0.30569E-02    0.34694E+04
    0.31187E-02    0.35245E+04
    0.31817E-02    0.35802E+04
    0.32460E-02    0.36365E+04
    0.33115E-02    0.36934E+04
    0.33784E-02    0.37508E+04
    0.34467E-02    0.38088E+04
    0.35163E-02    0.38673E+04
    0.35874E-02    0.39263E+04
    0.36598E-02    0.39859E+04
    0.37338E-02    0.40460E+04
    0.38092E-02    0.41065E+04
    0.38861E-02    0.41675E+04
    0.39646E-02    0.42290E+04
    0.40447E-02    0.42910E+04
    0.41264E-02    0.43535E+04
    0.42098E-02    0.44165E+04
    0.42948E-02    0.44800E+04
    0.43816E-02    0.45438E+04
    0.44701E-02    0.46079E+04
    0.45604E-02    0.46722E+04
    0.46525E-02    0.47366E+04
    0.47465E-02    0.48009E+04
    0.48424E-02    0.48653E+04
    0.49402E-02    0.49300E+04
    0.50400E-02    0.49949E+04
    0.51419E-02    0.50603E+04
    0.52457E-02    0.51262E+04
    0.53517E-02    0.51925E+04
    0.54598E-02    0.52591E+04
    0.55701E-02    0.53258E+04
    0.56826E-02    0.53925E+04
    0.57974E-02    0.54592E+04
    0.59145E-02    0.55259E+04
    0.60340E-02    0.55924E+04
    0.61559E-02    0.56589E+04
    0.62803E-02    0.57252E+04
    0.64072E-02    0.57915E+04
    0.65366E-02    0.58575E+04
    0.66686E-02    0.59233E+04
    0.68033E-02    0.59889E+04
    0.69408E-02    0.60541E+04
    0.70810E-02    0.61189E+04
    0.72240E-02    0.61833E+04
    0.73700E-02    0.62473E+04
    0.75189E-02    0.63107E+04
    0.76708E-02    0.63735E+04
    0.78257E-02    0.64357E+04
    0.79838E-02    0.64972E+04
    0.81451E-02    0.65579E+04
    0.83096E-02    0.66178E+04
    0.84775E-02    0.66769E+04
    0.86488E-02    0.67350E+04
    0.88235E-02    0.67922E+04
    0.90017E-02    0.68482E+04
    0.91836E-02    0.69032E+04
    0.93691E-02    0.69569E+04
    0.95583E-02    0.70094E+04
    0.97514E-02    0.70605E+04
    0.99484E-02    0.71102E+04
    0.10149E-01    0.71585E+04
    0.10354E-01    0.72051E+04
    0.10564E-01    0.72502E+04
    0.10777E-01    0.72935E+04
    0.10995E-01    0.73350E+04
    0.11217E-01    0.73746E+04
    0.11443E-01    0.74122E+04
    0.11675E-01    0.74477E+04
    0.11910E-01    0.74811E+04
    0.12151E-01    0.75124E+04
    0.12397E-01    0.75415E+04
    0.12647E-01    0.75683E+04
    0.12902E-01    0.75927E+04
    0.13163E-01    0.76145E+04
    0.13429E-01    0.76334E+04
    0.13700E-01    0.76492E+04
    0.13977E-01    0.76617E+04
    0.14259E-01    0.76711E+04
    0.14547E-01    0.76780E+04
    0.14841E-01    0.76828E+04
    0.15141E-01    0.76860E+04
    0.15447E-01    0.76878E+04
    0.15759E-01    0.76879E+04
    0.16077E-01    0.76853E+04
    0.16402E-01    0.76790E+04
    0.16734E-01    0.76683E+04
    0.17072E-01    0.76524E+04
    0.17416E-01    0.76314E+04
    0.17768E-01    0.76060E+04
    0.18127E-01    0.75767E+04
    0.18493E-01    0.75440E+04
    0.18867E-01    0.75084E+04
    0.19248E-01    0.74695E+04
    0.19637E-01    0.74268E+04
    0.20034E-01    0.73798E+04
    0.20438E-01    0.73278E+04
    0.20851E-01    0.72707E+04
    0.21272E-01    0.72087E+04
    0.21702E-01    0.71427E+04
    0.22141E-01    0.70732E+04
    0.22588E-01    0.70008E+04
    0.23044E-01    0.69262E+04
    0.23510E-01    0.68493E+04
    0.23985E-01    0.67702E+04
    0.24469E-01    0.66888E+04
    0.24964E-01    0.66051E+04
    0.25468E-01    0.65192E+04
    0.25982E-01    0.64308E+04
    0.26507E-01    0.63401E+04
    0.27043E-01    0.62468E+04
    0.27589E-01    0.61510E+04
    0.28146E-01    0.60527E+04
    0.28715E-01    0.59521E+04
    0.29295E-01    0.58497E+04
    0.29887E-01    0.57457E+04
    0.30490E-01    0.56405E+04
    0.31106E-01    0.55344E+04
    0.31735E-01    0.54278E+04
    0.32376E-01    0.53212E+04
    0.33030E-01    0.52150E+04
    0.33697E-01    0.51096E+04
    0.34378E-01    0.50052E+04
    0.35072E-01    0.49021E+04
    0.35781E-01    0.48005E+04
    0.36504E-01    0.47007E+04
    0.37241E-01    0.46028E+04
    0.37993E-01    0.45070E+04
    0.38761E-01    0.44134E+04
    0.39544E-01    0.43223E+04
    0.40343E-01    0.42337E+04
    0.41158E-01    0.41478E+04
    0.41989E-01    0.40647E+04
    0.42838E-01    0.39848E+04
    0.43703E-01    0.39083E+04
    0.44586E-01    0.38354E+04
    0.45486E-01    0.37664E+04
    0.46405E-01    0.37013E+04
    0.47343E-01    0.36396E+04
    0.48299E-01    0.35811E+04
    0.49275E-01    0.35256E+04
    0.50270E-01    0.34727E+04
    0.51286E-01    0.34222E+04
    0.52322E-01    0.33739E+04
    0.53379E-01    0.33276E+04
    0.54457E-01    0.32829E+04
    0.55557E-01    0.32394E+04
    0.56680E-01    0.31966E+04
    0.57825E-01    0.31541E+04
    0.58993E-01    0.31113E+04
    0.60184E-01    0.30680E+04
    0.61400E-01    0.30238E+04
    0.62641E-01    0.29782E+04
    0.63906E-01    0.29306E+04
    0.65197E-01    0.28803E+04
    0.66514E-01    0.28269E+04
    0.67858E-01    0.27707E+04
    0.69229E-01    0.27124E+04
    0.70627E-01    0.26528E+04
    0.72054E-01    0.25909E+04
    0.73510E-01    0.25252E+04
    0.74994E-01    0.24547E+04
    0.76509E-01    0.23803E+04
    0.78055E-01    0.23037E+04
    0.79632E-01    0.22260E+04
    0.81241E-01    0.21478E+04
    0.82882E-01    0.20695E+04
    0.84556E-01    0.19920E+04
    0.86264E-01    0.19159E+04
    0.88007E-01    0.18423E+04
    0.89785E-01    0.17719E+04
    0.91598E-01    0.17053E+04
    0.93449E-01    0.16433E+04
    0.95337E-01    0.15862E+04
    0.97263E-01    0.15344E+04
    0.99227E-01    0.14881E+04
    0.10123E+00    0.14471E+04
    0.10328E+00    0.14112E+04
    0.10536E+00    0.13799E+04
    0.10749E+00    0.13525E+04
    0.10966E+00    0.13283E+04
    0.11188E+00    0.13062E+04
    0.11414E+00    0.12853E+04
    0.11644E+00    0.12646E+04
    0.11880E+00    0.12431E+04
    0.12120E+00    0.12198E+04
    0.12365E+00    0.11938E+04
    0.12614E+00    0.11648E+04
    0.12869E+00    0.11324E+04
    0.13129E+00    0.10969E+04
    0.13394E+00    0.10585E+04
    0.13665E+00    0.10180E+04
    0.13941E+00    0.97613E+03
    0.14223E+00    0.93397E+03
    0.14510E+00    0.89253E+03
    0.14803E+00    0.85300E+03
    0.15102E+00    0.81641E+03
    0.15407E+00    0.78366E+03
    0.15718E+00    0.75520E+03
    0.16036E+00    0.73108E+03
    0.16360E+00    0.71083E+03
    0.16690E+00    0.69377E+03
    0.17028E+00    0.67901E+03
    0.17371E+00    0.66560E+03
    0.17722E+00    0.65254E+03
    0.18080E+00    0.63878E+03
    0.18446E+00    0.62336E+03
    0.18818E+00    0.60569E+03
    0.19198E+00    0.58566E+03
    0.19586E+00    0.56377E+03
    0.19982E+00    0.54080E+03
    0.20386E+00    0.51770E+03
    0.20797E+00    0.49539E+03
    0.21218E+00    0.47471E+03
    0.21646E+00    0.45632E+03
    0.22083E+00    0.44053E+03
    0.22530E+00    0.42724E+03
    0.22985E+00    0.41591E+03
    0.23449E+00    0.40579E+03
    0.23923E+00    0.39601E+03
    0.24406E+00    0.38579E+03
    0.24899E+00    0.37455E+03
    0.25402E+00    0.36216E+03
    0.25915E+00    0.34890E+03
    0.26439E+00    0.33532E+03
    0.26973E+00    0.32206E+03
    0.27518E+00    0.30972E+03
    0.28074E+00    0.29870E+03
    0.28641E+00    0.28910E+03
    0.29219E+00    0.28065E+03
    0.29810E+00    0.27287E+03
    0.30412E+00    0.26523E+03
    0.31026E+00    0.25734E+03
    0.31653E+00    0.24900E+03
    0.32292E+00    0.24034E+03
    0.32945E+00    0.23168E+03
    0.33610E+00    0.22343E+03
    0.34289E+00    0.21582E+03
    0.34982E+00    0.20892E+03
    0.35689E+00    0.20262E+03
    0.36409E+00    0.19664E+03
    0.37145E+00    0.19071E+03
    0.37895E+00    0.18470E+03
    0.38661E+00    0.17863E+03
    0.39442E+00    0.17266E+03
    0.40239E+00    0.16698E+03
    0.41052E+00    0.16167E+03
    0.41881E+00    0.15672E+03
    0.42727E+00    0.15201E+03
    0.43590E+00    0.14740E+03
    0.44471E+00    0.14283E+03
    0.45369E+00    0.13834E+03
    0.46286E+00    0.13399E+03
    0.47221E+00    0.12986E+03
    0.48174E+00    0.12593E+03
    0.49148E+00    0.12217E+03
    0.50141E+00    0.11852E+03
    0.51153E+00    0.11496E+03
    0.52187E+00    0.11149E+03
    0.53241E+00    0.10815E+03
    0.54317E+00    0.10495E+03
    0.55414E+00    0.10187E+03
    0.56533E+00    0.98896E+02
    0.57675E+00    0.96015E+02
    0.58840E+00    0.93230E+02
    0.60029E+00    0.90540E+02
    0.61242E+00    0.87943E+02
    0.62479E+00    0.85434E+02
    0.63741E+00    0.83010E+02
    0.65029E+00    0.80669E+02
    0.66342E+00    0.78405E+02
    0.67683E+00    0.76218E+02
    0.69050E+00    0.74102E+02
    0.70445E+00    0.72057E+02
    0.71868E+00    0.70078E+02
    0.73320E+00    0.68164E+02
    0.74801E+00    0.66312E+02
    0.76312E+00    0.64520E+02
    0.77854E+00    0.62784E+02
    0.79426E+00    0.61104E+02
    0.81031E+00    0.59477E+02
    0.82668E+00    0.57901E+02
    0.84338E+00    0.56374E+02
    0.86041E+00    0.54895E+02
    0.87780E+00    0.53461E+02
    0.89553E+00    0.52071E+02
    0.91362E+00    0.50723E+02
    0.93208E+00    0.49416E+02
    0.95091E+00    0.48148E+02
    0.97011E+00    0.46917E+02
    0.98971E+00    0.45723E+02
    0.10097E+01    0.44563E+02
    0.10301E+01    0.43437E+02
    0.10509E+01    0.42343E+02
    0.10721E+01    0.41280E+02
    0.10938E+01    0.40247E+02
    0.11159E+01    0.39243E+02
    0.11384E+01    0.38267E+02
    0.11614E+01    0.37317E+02
    0.11849E+01    0.36393E+02
    0.12088E+01    0.35494E+02
    0.12333E+01    0.34619E+02
    0.12582E+01    0.33767E+02
    0.12836E+01    0.32937E+02
    0.13095E+01    0.32129E+02
    0.13360E+01    0.31342E+02
    0.13630E+01    0.30574E+02
    0.13905E+01    0.29826E+02
    0.14186E+01    0.29097E+02
    0.14472E+01    0.28386E+02
    0.14765E+01    0.27692E+02
    0.15063E+01    0.27015E+02
    0.15367E+01    0.26355E+02
    0.15678E+01    0.25710E+02
    0.15994E+01    0.25081E+02
    0.16318E+01    0.24467E+02
    0.16647E+01    0.23867E+02
    0.16984E+01    0.23280E+02
    0.17327E+01    0.22708E+02
    0.17677E+01    0.22149E+02
    0.18034E+01    0.21602E+02
    0.18398E+01    0.21068E+02
    0.18770E+01    0.20545E+02
    0.19149E+01    0.20035E+02
    0.19536E+01    0.19536E+02
    0.19930E+01    0.19048E+02
    0.20333E+01    0.18570E+02
    0.20744E+01    0.18103E+02
    0.21163E+01    0.17647E+02
    0.21590E+01    0.17200E+02
    0.22026E+01    0.16763E+02
    0.22471E+01    0.16335E+02
    0.22925E+01    0.15917E+02
    0.23388E+01    0.15508E+02
    0.23861E+01    0.15108E+02
    0.24343E+01    0.14716E+02
    0.24835E+01    0.14332E+02
    0.25336E+01    0.13957E+02
    0.25848E+01    0.13590E+02
    0.26370E+01    0.13231E+02
    0.26903E+01    0.12880E+02
    0.27447E+01    0.12536E+02
    0.28001E+01    0.12200E+02
    0.28567E+01    0.11871E+02
    0.29144E+01    0.11549E+02
    0.29733E+01    0.11234E+02
    0.30333E+01    0.10926E+02
    0.30946E+01    0.10624E+02
    0.31571E+01    0.10330E+02
    0.32209E+01    0.10041E+02
    0.32860E+01    0.97596E+01
    0.33523E+01    0.94841E+01
    0.34201E+01    0.92148E+01
    0.34892E+01    0.89515E+01
    0.35596E+01    0.86942E+01
    0.36316E+01    0.84427E+01
    0.37049E+01    0.81970E+01
    0.37798E+01    0.79569E+01
    0.38561E+01    0.77225E+01
    0.39340E+01    0.74934E+01
    0.40135E+01    0.72698E+01
    0.40946E+01    0.70515E+01
    0.41773E+01    0.68383E+01
    0.42617E+01    0.66303E+01
    0.43478E+01    0.64273E+01
    0.44356E+01    0.62293E+01
    0.45252E+01    0.60361E+01
    0.46166E+01    0.58477E+01
    0.47099E+01    0.56640E+01
    0.48050E+01    0.54849E+01
    0.49021E+01    0.53104E+01
    0.50011E+01    0.51403E+01
    0.51021E+01    0.49746E+01
    0.52052E+01    0.48133E+01
    0.53104E+01    0.46561E+01
    0.54176E+01    0.45031E+01
    0.55271E+01    0.43542E+01
    0.56387E+01    0.42093E+01
    0.57526E+01    0.40683E+01
    0.58689E+01    0.39312E+01
    0.59874E+01    0.37978E+01
    0.61084E+01    0.36682E+01
    0.62318E+01    0.35422E+01
    0.63577E+01    0.34198E+01
    0.64861E+01    0.33009E+01
    0.66171E+01    0.31855E+01
    0.67508E+01    0.30733E+01
    0.68872E+01    0.29645E+01
    0.70263E+01    0.28589E+01
    0.71682E+01    0.27565E+01
    0.73130E+01    0.26572E+01
    0.74608E+01    0.25609E+01
    0.76115E+01    0.24675E+01
    0.77653E+01    0.23770E+01
    0.79221E+01    0.22894E+01
    0.80822E+01    0.22045E+01
    0.82454E+01    0.21224E+01
    0.84120E+01    0.20428E+01
    0.85819E+01    0.19659E+01
    0.87553E+01    0.18914E+01
    0.89322E+01    0.18194E+01
    0.91126E+01    0.17498E+01
    0.92967E+01    0.16826E+01
    0.94845E+01    0.16176E+01
    0.96761E+01    0.15548E+01
    0.98716E+01    0.14941E+01
    0.10071E+02    0.14356E+01
    0.10274E+02    0.13791E+01
    0.10482E+02    0.13245E+01
    0.10694E+02    0.12719E+01
    0.10910E+02    0.12212E+01
    0.11130E+02    0.11723E+01
    0.11355E+02    0.11251E+01
    0.11584E+02    0.10797E+01
    0.11818E+02    0.10359E+01
    0.12057E+02    0.99376E+00
    0.12301E+02    0.95316E+00
    0.12549E+02    0.91407E+00
    0.12803E+02    0.87645E+00
    0.13061E+02    0.84024E+00
    0.13325E+02    0.80541E+00
    0.13594E+02    0.77191E+00
    0.13869E+02    0.73970E+00
    0.14149E+02    0.70873E+00
    0.14435E+02    0.67896E+00
    0.14727E+02    0.65035E+00
    0.15024E+02    0.62286E+00
    0.15328E+02    0.59646E+00
    0.15637E+02    0.57110E+00
    0.15953E+02    0.54675E+00
    0.16275E+02    0.52337E+00
    0.16604E+02    0.50093E+00
    0.16940E+02    0.47940E+00
    0.17282E+02    0.45873E+00
    0.17631E+02    0.43891E+00
    0.17987E+02    0.41990E+00
    0.18351E+02    0.40167E+00
    0.18721E+02    0.38418E+00
    0.19099E+02    0.36742E+00
    0.19485E+02    0.35136E+00
    0.19879E+02    0.33596E+00
    0.20280E+02    0.32121E+00
    0.20690E+02    0.30707E+00
    0.21108E+02    0.29353E+00
    0.21535E+02    0.28056E+00
    0.21970E+02    0.26814E+00
    0.22413E+02    0.25625E+00
    0.22866E+02    0.24486E+00
    0.23328E+02    0.23396E+00
    0.23799E+02    0.22353E+00
    0.24280E+02    0.21355E+00
    0.24771E+02    0.20399E+00
    0.25271E+02    0.19485E+00
    0.25782E+02    0.18610E+00
    0.26302E+02    0.17774E+00
    0.26834E+02    0.16973E+00
    0.27376E+02    0.16208E+00
    0.27929E+02    0.15476E+00
    0.28493E+02    0.14777E+00
    0.29069E+02    0.14108E+00
    0.29656E+02    0.13468E+00
    0.30255E+02    0.12857E+00
    0.30866E+02    0.12272E+00
    0.31490E+02    0.11714E+00
    0.32126E+02    0.11180E+00
    0.32775E+02    0.10670E+00
    0.33437E+02    0.10183E+00
    0.34112E+02    0.97173E-01
    0.34801E+02    0.92726E-01
    0.35504E+02    0.88478E-01
    0.36222E+02    0.84421E-01
    0.36953E+02    0.80546E-01
    0.37700E+02    0.76845E-01
    0.38462E+02    0.73311E-01
    0.39239E+02    0.69937E-01
    0.40031E+02    0.66715E-01
    0.40840E+02    0.63640E-01
    0.41665E+02    0.60703E-01
    0.42507E+02    0.57900E-01
    0.43365E+02    0.55224E-01
    0.44241E+02    0.52670E-01
    0.45135E+02    0.50232E-01
    0.46047E+02    0.47905E-01
    0.46977E+02    0.45684E-01
    0.47926E+02    0.43564E-01
    0.48894E+02    0.41541E-01
    0.49882E+02    0.39611E-01
    0.50890E+02    0.37769E-01
    0.51918E+02    0.36011E-01
    0.52966E+02    0.34335E-01
    0.54036E+02    0.32736E-01
    0.55128E+02    0.31210E-01
    0.56242E+02    0.29756E-01
    0.57378E+02    0.28369E-01
    0.58537E+02    0.27046E-01
