    0.10000E-03    0.37715E+03
    0.10202E-03    0.38446E+03
    0.10408E-03    0.39190E+03
    0.10618E-03    0.39950E+03
    0.10833E-03    0.40723E+03
    0.11052E-03    0.41512E+03
    0.11275E-03    0.42317E+03
    0.11503E-03    0.43136E+03
    0.11735E-03    0.43972E+03
    0.11972E-03    0.44824E+03
    0.12214E-03    0.45692E+03
    0.12461E-03    0.46577E+03
    0.12712E-03    0.47479E+03
    0.12969E-03    0.48398E+03
    0.13231E-03    0.49336E+03
    0.13499E-03    0.50291E+03
    0.13771E-03    0.51265E+03
    0.14049E-03    0.52257E+03
    0.14333E-03    0.53269E+03
    0.14623E-03    0.54301E+03
    0.14918E-03    0.55352E+03
    0.15220E-03    0.56424E+03
    0.15527E-03    0.57516E+03
    0.15841E-03    0.58629E+03
    0.16161E-03    0.59764E+03
    0.16487E-03    0.60921E+03
    0.16820E-03    0.62100E+03
    0.17160E-03    0.63302E+03
    0.17507E-03    0.64527E+03
    0.17860E-03    0.65775E+03
    0.18221E-03    0.67048E+03
    0.18589E-03    0.68345E+03
    0.18965E-03    0.69667E+03
    0.19348E-03    0.71015E+03
    0.19739E-03    0.72389E+03
    0.20138E-03    0.73789E+03
    0.20544E-03    0.75216E+03
    0.20959E-03    0.76670E+03
    0.21383E-03    0.78153E+03
    0.21815E-03    0.79664E+03
    0.22255E-03    0.81204E+03
    0.22705E-03    0.82773E+03
    0.23164E-03    0.84373E+03
    0.23632E-03    0.86004E+03
    0.24109E-03    0.87665E+03
    0.24596E-03    0.89359E+03
    0.25093E-03    0.91085E+03
    0.25600E-03    0.92844E+03
    0.26117E-03    0.94637E+03
    0.26645E-03    0.96465E+03
    0.27183E-03    0.98327E+03
    0.27732E-03    0.10023E+04
    0.28292E-03    0.10216E+04
    0.28864E-03    0.10413E+04
    0.29447E-03    0.10614E+04
    0.30042E-03    0.10819E+04
    0.30649E-03    0.11027E+04
    0.31268E-03    0.11240E+04
    0.31899E-03    0.11457E+04
    0.32544E-03    0.11677E+04
    0.33201E-03    0.11902E+04
    0.33872E-03    0.12132E+04
    0.34556E-03    0.12365E+04
    0.35254E-03    0.12603E+04
    0.35966E-03    0.12846E+04
    0.36693E-03    0.13093E+04
    0.37434E-03    0.13345E+04
    0.38190E-03    0.13602E+04
    0.38962E-03    0.13863E+04
    0.39749E-03    0.14130E+04
    0.40552E-03    0.14401E+04
    0.41371E-03    0.14678E+04
    0.42207E-03    0.14960E+04
    0.43060E-03    0.15247E+04
    0.43929E-03    0.15540E+04
    0.44817E-03    0.15838E+04
    0.45722E-03    0.16141E+04
    0.46646E-03    0.16451E+04
    0.47588E-03    0.16766E+04
    0.48550E-03    0.17087E+04
    0.49530E-03    0.17414E+04
    0.50531E-03    0.17747E+04
    0.51552E-03    0.18087E+04
    0.52593E-03    0.18432E+04
    0.53656E-03    0.18784E+04
    0.54739E-03    0.19143E+04
    0.55845E-03    0.19508E+04
    0.56973E-03    0.19881E+04
    0.58124E-03    0.20259E+04
    0.59299E-03    0.20645E+04
    0.60496E-03    0.21039E+04
    0.61719E-03    0.21439E+04
    0.62965E-03    0.21846E+04
    0.64237E-03    0.22262E+04
    0.65535E-03    0.22684E+04
    0.66859E-03    0.23115E+04
    0.68210E-03    0.23553E+04
    0.69588E-03    0.23999E+04
    0.70993E-03    0.24454E+04
    0.72427E-03    0.24916E+04
    0.73891E-03    0.25387E+04
    0.75383E-03    0.25867E+04
    0.76906E-03    0.26355E+04
    0.78460E-03    0.26852E+04
    0.80045E-03    0.27358E+04
    0.81662E-03    0.27873E+04
    0.83311E-03    0.28397E+04
    0.84994E-03    0.28930E+04
    0.86711E-03    0.29473E+04
    0.88463E-03    0.30025E+04
    0.90250E-03    0.30587E+04
    0.92073E-03    0.31160E+04
    0.93933E-03    0.31742E+04
    0.95831E-03    0.32334E+04
    0.97767E-03    0.32937E+04
    0.99742E-03    0.33550E+04
    0.10176E-02    0.34174E+04
    0.10381E-02    0.34809E+04
    0.10591E-02    0.35454E+04
    0.10805E-02    0.36111E+04
    0.11023E-02    0.36779E+04
    0.11246E-02    0.37458E+04
    0.11473E-02    0.38149E+04
    0.11705E-02    0.38851E+04
    0.11941E-02    0.39566E+04
    0.12182E-02    0.40292E+04
    0.12429E-02    0.41031E+04
    0.12680E-02    0.41781E+04
    0.12936E-02    0.42545E+04
    0.13197E-02    0.43320E+04
    0.13464E-02    0.44109E+04
    0.13736E-02    0.44911E+04
    0.14013E-02    0.45725E+04
    0.14296E-02    0.46553E+04
    0.14585E-02    0.47394E+04
    0.14880E-02    0.48248E+04
    0.15180E-02    0.49116E+04
    0.15487E-02    0.49998E+04
    0.15800E-02    0.50893E+04
    0.16119E-02    0.51803E+04
    0.16445E-02    0.52727E+04
    0.16777E-02    0.53665E+04
    0.17116E-02    0.54617E+04
    0.17462E-02    0.55584E+04
    0.17814E-02    0.56565E+04
    0.18174E-02    0.57561E+04
    0.18541E-02    0.58572E+04
    0.18916E-02    0.59598E+04
    0.19298E-02    0.60639E+04
    0.19688E-02    0.61695E+04
    0.20086E-02    0.62766E+04
    0.20491E-02    0.63852E+04
    0.20905E-02    0.64954E+04
    0.21328E-02    0.66071E+04
    0.21758E-02    0.67204E+04
    0.22198E-02    0.68352E+04
    0.22646E-02    0.69516E+04
    0.23104E-02    0.70695E+04
    0.23571E-02    0.71890E+04
    0.24047E-02    0.73100E+04
    0.24533E-02    0.74327E+04
    0.25028E-02    0.75569E+04
    0.25534E-02    0.76826E+04
    0.26050E-02    0.78100E+04
    0.26576E-02    0.79388E+04
    0.27113E-02    0.80693E+04
    0.27660E-02    0.82013E+04
    0.28219E-02    0.83349E+04
    0.28789E-02    0.84700E+04
    0.29371E-02    0.86066E+04
    0.29964E-02    0.87447E+04
    0.30569E-02    0.88844E+04
    0.31187E-02    0.90255E+04
    0.31817E-02    0.91682E+04
    0.32460E-02    0.93123E+04
    0.33115E-02    0.94578E+04
    0.33784E-02    0.96049E+04
    0.34467E-02    0.97533E+04
    0.35163E-02    0.99032E+04
    0.35874E-02    0.10054E+05
    0.36598E-02    0.10207E+05
    0.37338E-02    0.10361E+05
    0.38092E-02    0.10516E+05
    0.38861E-02    0.10672E+05
    0.39646E-02    0.10829E+05
    0.40447E-02    0.10988E+05
    0.41264E-02    0.11148E+05
    0.42098E-02    0.11310E+05
    0.42948E-02    0.11473E+05
    0.43816E-02    0.11637E+05
    0.44701E-02    0.11801E+05
    0.45604E-02    0.11965E+05
    0.46525E-02    0.12128E+05
    0.47465E-02    0.12290E+05
    0.48424E-02    0.12451E+05
    0.49402E-02    0.12612E+05
    0.50400E-02    0.12774E+05
    0.51419E-02    0.12938E+05
    0.52457E-02    0.13105E+05
    0.53517E-02    0.13274E+05
    0.54598E-02    0.13444E+05
    0.55701E-02    0.13615E+05
    0.56826E-02    0.13786E+05
    0.57974E-02    0.13957E+05
    0.59145E-02    0.14127E+05
    0.60340E-02    0.14296E+05
    0.61559E-02    0.14465E+05
    0.62803E-02    0.14634E+05
    0.64072E-02    0.14803E+05
    0.65366E-02    0.14971E+05
    0.66686E-02    0.15139E+05
    0.68033E-02    0.15306E+05
    0.69408E-02    0.15472E+05
    0.70810E-02    0.15637E+05
    0.72240E-02    0.15801E+05
    0.73700E-02    0.15964E+05
    0.75189E-02    0.16125E+05
    0.76708E-02    0.16285E+05
    0.78257E-02    0.16443E+05
    0.79838E-02    0.16599E+05
    0.81451E-02    0.16754E+05
    0.83096E-02    0.16906E+05
    0.84775E-02    0.17056E+05
    0.86488E-02    0.17204E+05
    0.88235E-02    0.17349E+05
    0.90017E-02    0.17491E+05
    0.91836E-02    0.17630E+05
    0.93691E-02    0.17767E+05
    0.95583E-02    0.17900E+05
    0.97514E-02    0.18029E+05
    0.99484E-02    0.18155E+05
    0.10149E-01    0.18277E+05
    0.10354E-01    0.18395E+05
    0.10564E-01    0.18509E+05
    0.10777E-01    0.18619E+05
    0.10995E-01    0.18723E+05
    0.11217E-01    0.18823E+05
    0.11443E-01    0.18918E+05
    0.11675E-01    0.19007E+05
    0.11910E-01    0.19091E+05
    0.12151E-01    0.19170E+05
    0.12397E-01    0.19242E+05
    0.12647E-01    0.19310E+05
    0.12902E-01    0.19370E+05
    0.13163E-01    0.19424E+05
    0.13429E-01    0.19471E+05
    0.13700E-01    0.19510E+05
    0.13977E-01    0.19540E+05
    0.14259E-01    0.19563E+05
    0.14547E-01    0.19579E+05
    0.14841E-01    0.19589E+05
    0.15141E-01    0.19595E+05
    0.15447E-01    0.19598E+05
    0.15759E-01    0.19597E+05
    0.16077E-01    0.19588E+05
    0.16402E-01    0.19570E+05
    0.16734E-01    0.19541E+05
    0.17072E-01    0.19499E+05
    0.17416E-01    0.19443E+05
    0.17768E-01    0.19377E+05
    0.18127E-01    0.19300E+05
    0.18493E-01    0.19215E+05
    0.18867E-01    0.19122E+05
    0.19248E-01    0.19021E+05
    0.19637E-01    0.18910E+05
    0.20034E-01    0.18788E+05
    0.20438E-01    0.18654E+05
    0.20851E-01    0.18506E+05
    0.21272E-01    0.18346E+05
    0.21702E-01    0.18176E+05
    0.22141E-01    0.17997E+05
    0.22588E-01    0.17811E+05
    0.23044E-01    0.17619E+05
    0.23510E-01    0.17421E+05
    0.23985E-01    0.17218E+05
    0.24469E-01    0.17009E+05
    0.24964E-01    0.16794E+05
    0.25468E-01    0.16573E+05
    0.25982E-01    0.16347E+05
    0.26507E-01    0.16114E+05
    0.27043E-01    0.15875E+05
    0.27589E-01    0.15629E+05
    0.28146E-01    0.15378E+05
    0.28715E-01    0.15120E+05
    0.29295E-01    0.14858E+05
    0.29887E-01    0.14592E+05
    0.30490E-01    0.14323E+05
    0.31106E-01    0.14052E+05
    0.31735E-01    0.13780E+05
    0.32376E-01    0.13508E+05
    0.33030E-01    0.13237E+05
    0.33697E-01    0.12968E+05
    0.34378E-01    0.12702E+05
    0.35072E-01    0.12439E+05
    0.35781E-01    0.12180E+05
    0.36504E-01    0.11926E+05
    0.37241E-01    0.11676E+05
    0.37993E-01    0.11432E+05
    0.38761E-01    0.11194E+05
    0.39544E-01    0.10962E+05
    0.40343E-01    0.10737E+05
    0.41158E-01    0.10518E+05
    0.41989E-01    0.10307E+05
    0.42838E-01    0.10103E+05
    0.43703E-01    0.99088E+04
    0.44586E-01    0.97235E+04
    0.45486E-01    0.95480E+04
    0.46405E-01    0.93822E+04
    0.47343E-01    0.92252E+04
    0.48299E-01    0.90764E+04
    0.49275E-01    0.89350E+04
    0.50270E-01    0.88003E+04
    0.51286E-01    0.86718E+04
    0.52322E-01    0.85487E+04
    0.53379E-01    0.84306E+04
    0.54457E-01    0.83167E+04
    0.55557E-01    0.82058E+04
    0.56680E-01    0.80967E+04
    0.57825E-01    0.79883E+04
    0.58993E-01    0.78794E+04
    0.60184E-01    0.77692E+04
    0.61400E-01    0.76567E+04
    0.62641E-01    0.75409E+04
    0.63906E-01    0.74203E+04
    0.65197E-01    0.72930E+04
    0.66514E-01    0.71579E+04
    0.67858E-01    0.70160E+04
    0.69229E-01    0.68692E+04
    0.70627E-01    0.67191E+04
    0.72054E-01    0.65635E+04
    0.73510E-01    0.63986E+04
    0.74994E-01    0.62219E+04
    0.76509E-01    0.60358E+04
    0.78055E-01    0.58443E+04
    0.79632E-01    0.56503E+04
    0.81241E-01    0.54553E+04
    0.82882E-01    0.52604E+04
    0.84556E-01    0.50674E+04
    0.86264E-01    0.48784E+04
    0.88007E-01    0.46955E+04
    0.89785E-01    0.45207E+04
    0.91598E-01    0.43556E+04
    0.93449E-01    0.42017E+04
    0.95337E-01    0.40601E+04
    0.97263E-01    0.39318E+04
    0.99227E-01    0.38170E+04
    0.10123E+00    0.37154E+04
    0.10328E+00    0.36264E+04
    0.10536E+00    0.35487E+04
    0.10749E+00    0.34806E+04
    0.10966E+00    0.34202E+04
    0.11188E+00    0.33652E+04
    0.11414E+00    0.33132E+04
    0.11644E+00    0.32617E+04
    0.11880E+00    0.32081E+04
    0.12120E+00    0.31501E+04
    0.12365E+00    0.30858E+04
    0.12614E+00    0.30141E+04
    0.12869E+00    0.29343E+04
    0.13129E+00    0.28468E+04
    0.13394E+00    0.27525E+04
    0.13665E+00    0.26532E+04
    0.13941E+00    0.25507E+04
    0.14223E+00    0.24476E+04
    0.14510E+00    0.23464E+04
    0.14803E+00    0.22498E+04
    0.15102E+00    0.21605E+04
    0.15407E+00    0.20806E+04
    0.15718E+00    0.20110E+04
    0.16036E+00    0.19520E+04
    0.16360E+00    0.19024E+04
    0.16690E+00    0.18604E+04
    0.17028E+00    0.18240E+04
    0.17371E+00    0.17909E+04
    0.17722E+00    0.17586E+04
    0.18080E+00    0.17246E+04
    0.18446E+00    0.16866E+04
    0.18818E+00    0.16433E+04
    0.19198E+00    0.15944E+04
    0.19586E+00    0.15410E+04
    0.19982E+00    0.14852E+04
    0.20386E+00    0.14291E+04
    0.20797E+00    0.13749E+04
    0.21218E+00    0.13247E+04
    0.21646E+00    0.12799E+04
    0.22083E+00    0.12414E+04
    0.22530E+00    0.12088E+04
    0.22985E+00    0.11808E+04
    0.23449E+00    0.11558E+04
    0.23923E+00    0.11315E+04
    0.24406E+00    0.11061E+04
    0.24899E+00    0.10784E+04
    0.25402E+00    0.10480E+04
    0.25915E+00    0.10156E+04
    0.26439E+00    0.98247E+03
    0.26973E+00    0.95012E+03
    0.27518E+00    0.91995E+03
    0.28074E+00    0.89289E+03
    0.28641E+00    0.86914E+03
    0.29219E+00    0.84808E+03
    0.29810E+00    0.82857E+03
    0.30412E+00    0.80939E+03
    0.31026E+00    0.78962E+03
    0.31653E+00    0.76887E+03
    0.32292E+00    0.74736E+03
    0.32945E+00    0.72590E+03
    0.33610E+00    0.70538E+03
    0.34289E+00    0.68636E+03
    0.34982E+00    0.66896E+03
    0.35689E+00    0.65293E+03
    0.36409E+00    0.63763E+03
    0.37145E+00    0.62246E+03
    0.37895E+00    0.60711E+03
    0.38661E+00    0.59165E+03
    0.39442E+00    0.57644E+03
    0.40239E+00    0.56189E+03
    0.41052E+00    0.54817E+03
    0.41881E+00    0.53526E+03
    0.42727E+00    0.52288E+03
    0.43590E+00    0.51075E+03
    0.44471E+00    0.49873E+03
    0.45369E+00    0.48688E+03
    0.46286E+00    0.47536E+03
    0.47221E+00    0.46432E+03
    0.48174E+00    0.45374E+03
    0.49148E+00    0.44354E+03
    0.50141E+00    0.43357E+03
    0.51153E+00    0.42381E+03
    0.52187E+00    0.41427E+03
    0.53241E+00    0.40502E+03
    0.54317E+00    0.39607E+03
    0.55414E+00    0.38739E+03
    0.56533E+00    0.37894E+03
    0.57675E+00    0.37070E+03
    0.58840E+00    0.36267E+03
    0.60029E+00    0.35486E+03
    0.61242E+00    0.34724E+03
    0.62479E+00    0.33982E+03
    0.63741E+00    0.33260E+03
    0.65029E+00    0.32555E+03
    0.66342E+00    0.31867E+03
    0.67683E+00    0.31196E+03
    0.69050E+00    0.30541E+03
    0.70445E+00    0.29901E+03
    0.71868E+00    0.29276E+03
    0.73320E+00    0.28664E+03
    0.74801E+00    0.28067E+03
    0.76312E+00    0.27483E+03
    0.77854E+00    0.26911E+03
    0.79426E+00    0.26352E+03
    0.81031E+00    0.25804E+03
    0.82668E+00    0.25267E+03
    0.84338E+00    0.24742E+03
    0.86041E+00    0.24227E+03
    0.87780E+00    0.23722E+03
    0.89553E+00    0.23227E+03
    0.91362E+00    0.22742E+03
    0.93208E+00    0.22266E+03
    0.95091E+00    0.21798E+03
    0.97011E+00    0.21340E+03
    0.98971E+00    0.20890E+03
    0.10097E+01    0.20448E+03
    0.10301E+01    0.20013E+03
    0.10509E+01    0.19587E+03
    0.10721E+01    0.19168E+03
    0.10938E+01    0.18756E+03
    0.11159E+01    0.18351E+03
    0.11384E+01    0.17953E+03
    0.11614E+01    0.17562E+03
    0.11849E+01    0.17177E+03
    0.12088E+01    0.16799E+03
    0.12333E+01    0.16427E+03
    0.12582E+01    0.16061E+03
    0.12836E+01    0.15702E+03
    0.13095E+01    0.15348E+03
    0.13360E+01    0.14999E+03
    0.13630E+01    0.14657E+03
    0.13905E+01    0.14320E+03
    0.14186E+01    0.13989E+03
    0.14472E+01    0.13663E+03
    0.14765E+01    0.13342E+03
    0.15063E+01    0.13027E+03
    0.15367E+01    0.12717E+03
    0.15678E+01    0.12411E+03
    0.15994E+01    0.12111E+03
    0.16318E+01    0.11816E+03
    0.16647E+01    0.11526E+03
    0.16984E+01    0.11241E+03
    0.17327E+01    0.10960E+03
    0.17677E+01    0.10685E+03
    0.18034E+01    0.10414E+03
    0.18398E+01    0.10148E+03
    0.18770E+01    0.98862E+02
    0.19149E+01    0.96292E+02
    0.19536E+01    0.93769E+02
    0.19930E+01    0.91290E+02
    0.20333E+01    0.88857E+02
    0.20744E+01    0.86469E+02
    0.21163E+01    0.84124E+02
    0.21590E+01    0.81824E+02
    0.22026E+01    0.79568E+02
    0.22471E+01    0.77355E+02
    0.22925E+01    0.75185E+02
    0.23388E+01    0.73058E+02
    0.23861E+01    0.70974E+02
    0.24343E+01    0.68932E+02
    0.24835E+01    0.66931E+02
    0.25336E+01    0.64973E+02
    0.25848E+01    0.63055E+02
    0.26370E+01    0.61179E+02
    0.26903E+01    0.59343E+02
    0.27447E+01    0.57548E+02
    0.28001E+01    0.55793E+02
    0.28567E+01    0.54077E+02
    0.29144E+01    0.52401E+02
    0.29733E+01    0.50764E+02
    0.30333E+01    0.49165E+02
    0.30946E+01    0.47605E+02
    0.31571E+01    0.46082E+02
    0.32209E+01    0.44597E+02
    0.32860E+01    0.43150E+02
    0.33523E+01    0.41738E+02
    0.34201E+01    0.40363E+02
    0.34892E+01    0.39024E+02
    0.35596E+01    0.37720E+02
    0.36316E+01    0.36451E+02
    0.37049E+01    0.35216E+02
    0.37798E+01    0.34014E+02
    0.38561E+01    0.32847E+02
    0.39340E+01    0.31711E+02
    0.40135E+01    0.30608E+02
    0.40946E+01    0.29537E+02
    0.41773E+01    0.28497E+02
    0.42617E+01    0.27487E+02
    0.43478E+01    0.26508E+02
    0.44356E+01    0.25558E+02
    0.45252E+01    0.24636E+02
    0.46166E+01    0.23743E+02
    0.47099E+01    0.22878E+02
    0.48050E+01    0.22039E+02
    0.49021E+01    0.21228E+02
    0.50011E+01    0.20442E+02
    0.51021E+01    0.19681E+02
    0.52052E+01    0.18945E+02
    0.53104E+01    0.18233E+02
    0.54176E+01    0.17544E+02
    0.55271E+01    0.16879E+02
    0.56387E+01    0.16236E+02
    0.57526E+01    0.15614E+02
    0.58689E+01    0.15014E+02
    0.59874E+01    0.14435E+02
    0.61084E+01    0.13875E+02
    0.62318E+01    0.13335E+02
    0.63577E+01    0.12814E+02
    0.64861E+01    0.12311E+02
    0.66171E+01    0.11827E+02
    0.67508E+01    0.11359E+02
    0.68872E+01    0.10909E+02
    0.70263E+01    0.10474E+02
    0.71682E+01    0.10056E+02
    0.73130E+01    0.96530E+01
    0.74608E+01    0.92648E+01
    0.76115E+01    0.88911E+01
    0.77653E+01    0.85313E+01
    0.79221E+01    0.81850E+01
    0.80822E+01    0.78518E+01
    0.82454E+01    0.75312E+01
    0.84120E+01    0.72228E+01
    0.85819E+01    0.69262E+01
    0.87553E+01    0.66410E+01
    0.89322E+01    0.63668E+01
    0.91126E+01    0.61033E+01
    0.92967E+01    0.58500E+01
    0.94845E+01    0.56067E+01
    0.96761E+01    0.53729E+01
    0.98716E+01    0.51483E+01
    0.10071E+02    0.49326E+01
    0.10274E+02    0.47255E+01
    0.10482E+02    0.45267E+01
    0.10694E+02    0.43358E+01
    0.10910E+02    0.41526E+01
    0.11130E+02    0.39768E+01
    0.11355E+02    0.38081E+01
    0.11584E+02    0.36462E+01
    0.11818E+02    0.34909E+01
    0.12057E+02    0.33420E+01
    0.12301E+02    0.31991E+01
    0.12549E+02    0.30622E+01
    0.12803E+02    0.29309E+01
    0.13061E+02    0.28050E+01
    0.13325E+02    0.26843E+01
    0.13594E+02    0.25686E+01
    0.13869E+02    0.24577E+01
    0.14149E+02    0.23515E+01
    0.14435E+02    0.22497E+01
    0.14727E+02    0.21522E+01
    0.15024E+02    0.20588E+01
    0.15328E+02    0.19693E+01
    0.15637E+02    0.18836E+01
    0.15953E+02    0.18015E+01
    0.16275E+02    0.17229E+01
    0.16604E+02    0.16477E+01
    0.16940E+02    0.15756E+01
    0.17282E+02    0.15066E+01
    0.17631E+02    0.14406E+01
    0.17987E+02    0.13774E+01
    0.18351E+02    0.13169E+01
    0.18721E+02    0.12590E+01
    0.19099E+02    0.12035E+01
    0.19485E+02    0.11505E+01
    0.19879E+02    0.10998E+01
    0.20280E+02    0.10512E+01
    0.20690E+02    0.10048E+01
    0.21108E+02    0.96035E+00
    0.21535E+02    0.91785E+00
    0.21970E+02    0.87720E+00
    0.22413E+02    0.83831E+00
    0.22866E+02    0.80112E+00
    0.23328E+02    0.76555E+00
    0.23799E+02    0.73153E+00
    0.24280E+02    0.69900E+00
    0.24771E+02    0.66790E+00
    0.25271E+02    0.63816E+00
    0.25782E+02    0.60973E+00
    0.26302E+02    0.58254E+00
    0.26834E+02    0.55655E+00
    0.27376E+02    0.53171E+00
    0.27929E+02    0.50796E+00
    0.28493E+02    0.48525E+00
    0.29069E+02    0.46355E+00
    0.29656E+02    0.44281E+00
    0.30255E+02    0.42299E+00
    0.30866E+02    0.40404E+00
    0.31490E+02    0.38593E+00
    0.32126E+02    0.36863E+00
    0.32775E+02    0.35209E+00
    0.33437E+02    0.33629E+00
    0.34112E+02    0.32119E+00
    0.34801E+02    0.30676E+00
    0.35504E+02    0.29297E+00
    0.36222E+02    0.27980E+00
    0.36953E+02    0.26721E+00
    0.37700E+02    0.25519E+00
    0.38462E+02    0.24370E+00
    0.39239E+02    0.23273E+00
    0.40031E+02    0.22224E+00
    0.40840E+02    0.21223E+00
    0.41665E+02    0.20266E+00
    0.42507E+02    0.19352E+00
    0.43365E+02    0.18479E+00
    0.44241E+02    0.17645E+00
    0.45135E+02    0.16849E+00
    0.46047E+02    0.16088E+00
    0.46977E+02    0.15361E+00
    0.47926E+02    0.14667E+00
    0.48894E+02    0.14004E+00
    0.49882E+02    0.13371E+00
    0.50890E+02    0.12766E+00
    0.51918E+02    0.12189E+00
    0.52966E+02    0.11637E+00
    0.54036E+02    0.11111E+00
    0.55128E+02    0.10608E+00
    0.56242E+02    0.10127E+00
    0.57378E+02    0.96690E-01
    0.58537E+02    0.92312E-01
