    0.10000E-03    0.49994E+02
    0.10202E-03    0.50963E+02
    0.10408E-03    0.51951E+02
    0.10618E-03    0.52957E+02
    0.10833E-03    0.53983E+02
    0.11052E-03    0.55029E+02
    0.11275E-03    0.56095E+02
    0.11503E-03    0.57182E+02
    0.11735E-03    0.58290E+02
    0.11972E-03    0.59419E+02
    0.12214E-03    0.60570E+02
    0.12461E-03    0.61744E+02
    0.12712E-03    0.62940E+02
    0.12969E-03    0.64159E+02
    0.13231E-03    0.65402E+02
    0.13499E-03    0.66668E+02
    0.13771E-03    0.67960E+02
    0.14049E-03    0.69276E+02
    0.14333E-03    0.70618E+02
    0.14623E-03    0.71985E+02
    0.14918E-03    0.73379E+02
    0.15220E-03    0.74800E+02
    0.15527E-03    0.76249E+02
    0.15841E-03    0.77725E+02
    0.16161E-03    0.79230E+02
    0.16487E-03    0.80764E+02
    0.16820E-03    0.82328E+02
    0.17160E-03    0.83922E+02
    0.17507E-03    0.85547E+02
    0.17860E-03    0.87203E+02
    0.18221E-03    0.88890E+02
    0.18589E-03    0.90611E+02
    0.18965E-03    0.92365E+02
    0.19348E-03    0.94152E+02
    0.19739E-03    0.95974E+02
    0.20138E-03    0.97831E+02
    0.20544E-03    0.99724E+02
    0.20959E-03    0.10165E+03
    0.21383E-03    0.10362E+03
    0.21815E-03    0.10562E+03
    0.22255E-03    0.10767E+03
    0.22705E-03    0.10975E+03
    0.23164E-03    0.11187E+03
    0.23632E-03    0.11404E+03
    0.24109E-03    0.11624E+03
    0.24596E-03    0.11849E+03
    0.25093E-03    0.12078E+03
    0.25600E-03    0.12311E+03
    0.26117E-03    0.12549E+03
    0.26645E-03    0.12792E+03
    0.27183E-03    0.13039E+03
    0.27732E-03    0.13291E+03
    0.28292E-03    0.13548E+03
    0.28864E-03    0.13809E+03
    0.29447E-03    0.14076E+03
    0.30042E-03    0.14348E+03
    0.30649E-03    0.14625E+03
    0.31268E-03    0.14907E+03
    0.31899E-03    0.15195E+03
    0.32544E-03    0.15488E+03
    0.33201E-03    0.15787E+03
    0.33872E-03    0.16091E+03
    0.34556E-03    0.16401E+03
    0.35254E-03    0.16718E+03
    0.35966E-03    0.17040E+03
    0.36693E-03    0.17368E+03
    0.37434E-03    0.17703E+03
    0.38190E-03    0.18044E+03
    0.38962E-03    0.18391E+03
    0.39749E-03    0.18745E+03
    0.40552E-03    0.19106E+03
    0.41371E-03    0.19474E+03
    0.42207E-03    0.19848E+03
    0.43060E-03    0.20230E+03
    0.43929E-03    0.20619E+03
    0.44817E-03    0.21015E+03
    0.45722E-03    0.21419E+03
    0.46646E-03    0.21830E+03
    0.47588E-03    0.22249E+03
    0.48550E-03    0.22676E+03
    0.49530E-03    0.23111E+03
    0.50531E-03    0.23554E+03
    0.51552E-03    0.24006E+03
    0.52593E-03    0.24466E+03
    0.53656E-03    0.24934E+03
    0.54739E-03    0.25411E+03
    0.55845E-03    0.25898E+03
    0.56973E-03    0.26393E+03
    0.58124E-03    0.26897E+03
    0.59299E-03    0.27411E+03
    0.60496E-03    0.27934E+03
    0.61719E-03    0.28467E+03
    0.62965E-03    0.29010E+03
    0.64237E-03    0.29563E+03
    0.65535E-03    0.30126E+03
    0.66859E-03    0.30699E+03
    0.68210E-03    0.31283E+03
    0.69588E-03    0.31877E+03
    0.70993E-03    0.32482E+03
    0.72427E-03    0.33099E+03
    0.73891E-03    0.33726E+03
    0.75383E-03    0.34365E+03
    0.76906E-03    0.35016E+03
    0.78460E-03    0.35678E+03
    0.80045E-03    0.36352E+03
    0.81662E-03    0.37038E+03
    0.83311E-03    0.37737E+03
    0.84994E-03    0.38448E+03
    0.86711E-03    0.39171E+03
    0.88463E-03    0.39908E+03
    0.90250E-03    0.40657E+03
    0.92073E-03    0.41420E+03
    0.93933E-03    0.42196E+03
    0.95831E-03    0.42986E+03
    0.97767E-03    0.43789E+03
    0.99742E-03    0.44607E+03
    0.10176E-02    0.45439E+03
    0.10381E-02    0.46285E+03
    0.10591E-02    0.47146E+03
    0.10805E-02    0.48021E+03
    0.11023E-02    0.48912E+03
    0.11246E-02    0.49817E+03
    0.11473E-02    0.50738E+03
    0.11705E-02    0.51675E+03
    0.11941E-02    0.52627E+03
    0.12182E-02    0.53595E+03
    0.12429E-02    0.54580E+03
    0.12680E-02    0.55581E+03
    0.12936E-02    0.56598E+03
    0.13197E-02    0.57632E+03
    0.13464E-02    0.58683E+03
    0.13736E-02    0.59752E+03
    0.14013E-02    0.60837E+03
    0.14296E-02    0.61940E+03
    0.14585E-02    0.63061E+03
    0.14880E-02    0.64200E+03
    0.15180E-02    0.65356E+03
    0.15487E-02    0.66531E+03
    0.15800E-02    0.67725E+03
    0.16119E-02    0.68937E+03
    0.16445E-02    0.70168E+03
    0.16777E-02    0.71418E+03
    0.17116E-02    0.72686E+03
    0.17462E-02    0.73975E+03
    0.17814E-02    0.75282E+03
    0.18174E-02    0.76609E+03
    0.18541E-02    0.77956E+03
    0.18916E-02    0.79323E+03
    0.19298E-02    0.80710E+03
    0.19688E-02    0.82116E+03
    0.20086E-02    0.83543E+03
    0.20491E-02    0.84991E+03
    0.20905E-02    0.86458E+03
    0.21328E-02    0.87947E+03
    0.21758E-02    0.89456E+03
    0.22198E-02    0.90985E+03
    0.22646E-02    0.92535E+03
    0.23104E-02    0.94106E+03
    0.23571E-02    0.95698E+03
    0.24047E-02    0.97311E+03
    0.24533E-02    0.98945E+03
    0.25028E-02    0.10060E+04
    0.25534E-02    0.10227E+04
    0.26050E-02    0.10397E+04
    0.26576E-02    0.10569E+04
    0.27113E-02    0.10743E+04
    0.27660E-02    0.10918E+04
    0.28219E-02    0.11096E+04
    0.28789E-02    0.11276E+04
    0.29371E-02    0.11458E+04
    0.29964E-02    0.11642E+04
    0.30569E-02    0.11828E+04
    0.31187E-02    0.12016E+04
    0.31817E-02    0.12206E+04
    0.32460E-02    0.12398E+04
    0.33115E-02    0.12592E+04
    0.33784E-02    0.12788E+04
    0.34467E-02    0.12986E+04
    0.35163E-02    0.13185E+04
    0.35874E-02    0.13386E+04
    0.36598E-02    0.13590E+04
    0.37338E-02    0.13795E+04
    0.38092E-02    0.14001E+04
    0.38861E-02    0.14209E+04
    0.39646E-02    0.14419E+04
    0.40447E-02    0.14631E+04
    0.41264E-02    0.14844E+04
    0.42098E-02    0.15058E+04
    0.42948E-02    0.15274E+04
    0.43816E-02    0.15491E+04
    0.44701E-02    0.15710E+04
    0.45604E-02    0.15930E+04
    0.46525E-02    0.16150E+04
    0.47465E-02    0.16371E+04
    0.48424E-02    0.16593E+04
    0.49402E-02    0.16816E+04
    0.50400E-02    0.17040E+04
    0.51419E-02    0.17265E+04
    0.52457E-02    0.17491E+04
    0.53517E-02    0.17717E+04
    0.54598E-02    0.17944E+04
    0.55701E-02    0.18172E+04
    0.56826E-02    0.18399E+04
    0.57974E-02    0.18627E+04
    0.59145E-02    0.18855E+04
    0.60340E-02    0.19082E+04
    0.61559E-02    0.19309E+04
    0.62803E-02    0.19536E+04
    0.64072E-02    0.19763E+04
    0.65366E-02    0.19988E+04
    0.66686E-02    0.20213E+04
    0.68033E-02    0.20437E+04
    0.69408E-02    0.20660E+04
    0.70810E-02    0.20882E+04
    0.72240E-02    0.21102E+04
    0.73700E-02    0.21321E+04
    0.75189E-02    0.21537E+04
    0.76708E-02    0.21752E+04
    0.78257E-02    0.21965E+04
    0.79838E-02    0.22175E+04
    0.81451E-02    0.22383E+04
    0.83096E-02    0.22588E+04
    0.84775E-02    0.22790E+04
    0.86488E-02    0.22989E+04
    0.88235E-02    0.23185E+04
    0.90017E-02    0.23376E+04
    0.91836E-02    0.23564E+04
    0.93691E-02    0.23748E+04
    0.95583E-02    0.23928E+04
    0.97514E-02    0.24103E+04
    0.99484E-02    0.24274E+04
    0.10149E-01    0.24439E+04
    0.10354E-01    0.24599E+04
    0.10564E-01    0.24753E+04
    0.10777E-01    0.24902E+04
    0.10995E-01    0.25044E+04
    0.11217E-01    0.25180E+04
    0.11443E-01    0.25309E+04
    0.11675E-01    0.25431E+04
    0.11910E-01    0.25546E+04
    0.12151E-01    0.25654E+04
    0.12397E-01    0.25754E+04
    0.12647E-01    0.25846E+04
    0.12902E-01    0.25930E+04
    0.13163E-01    0.26006E+04
    0.13429E-01    0.26071E+04
    0.13700E-01    0.26126E+04
    0.13977E-01    0.26169E+04
    0.14259E-01    0.26203E+04
    0.14547E-01    0.26227E+04
    0.14841E-01    0.26244E+04
    0.15141E-01    0.26256E+04
    0.15447E-01    0.26264E+04
    0.15759E-01    0.26265E+04
    0.16077E-01    0.26257E+04
    0.16402E-01    0.26237E+04
    0.16734E-01    0.26201E+04
    0.17072E-01    0.26148E+04
    0.17416E-01    0.26077E+04
    0.17768E-01    0.25992E+04
    0.18127E-01    0.25893E+04
    0.18493E-01    0.25782E+04
    0.18867E-01    0.25661E+04
    0.19248E-01    0.25530E+04
    0.19637E-01    0.25385E+04
    0.20034E-01    0.25225E+04
    0.20438E-01    0.25049E+04
    0.20851E-01    0.24855E+04
    0.21272E-01    0.24644E+04
    0.21702E-01    0.24419E+04
    0.22141E-01    0.24183E+04
    0.22588E-01    0.23937E+04
    0.23044E-01    0.23682E+04
    0.23510E-01    0.23420E+04
    0.23985E-01    0.23151E+04
    0.24469E-01    0.22874E+04
    0.24964E-01    0.22588E+04
    0.25468E-01    0.22295E+04
    0.25982E-01    0.21994E+04
    0.26507E-01    0.21685E+04
    0.27043E-01    0.21367E+04
    0.27589E-01    0.21040E+04
    0.28146E-01    0.20704E+04
    0.28715E-01    0.20360E+04
    0.29295E-01    0.20011E+04
    0.29887E-01    0.19655E+04
    0.30490E-01    0.19296E+04
    0.31106E-01    0.18933E+04
    0.31735E-01    0.18569E+04
    0.32376E-01    0.18204E+04
    0.33030E-01    0.17841E+04
    0.33697E-01    0.17480E+04
    0.34378E-01    0.17123E+04
    0.35072E-01    0.16770E+04
    0.35781E-01    0.16422E+04
    0.36504E-01    0.16080E+04
    0.37241E-01    0.15745E+04
    0.37993E-01    0.15417E+04
    0.38761E-01    0.15097E+04
    0.39544E-01    0.14784E+04
    0.40343E-01    0.14481E+04
    0.41158E-01    0.14186E+04
    0.41989E-01    0.13902E+04
    0.42838E-01    0.13628E+04
    0.43703E-01    0.13366E+04
    0.44586E-01    0.13116E+04
    0.45486E-01    0.12880E+04
    0.46405E-01    0.12656E+04
    0.47343E-01    0.12445E+04
    0.48299E-01    0.12245E+04
    0.49275E-01    0.12055E+04
    0.50270E-01    0.11875E+04
    0.51286E-01    0.11702E+04
    0.52322E-01    0.11537E+04
    0.53379E-01    0.11379E+04
    0.54457E-01    0.11227E+04
    0.55557E-01    0.11079E+04
    0.56680E-01    0.10933E+04
    0.57825E-01    0.10788E+04
    0.58993E-01    0.10642E+04
    0.60184E-01    0.10495E+04
    0.61400E-01    0.10344E+04
    0.62641E-01    0.10189E+04
    0.63906E-01    0.10027E+04
    0.65197E-01    0.98551E+03
    0.66514E-01    0.96723E+03
    0.67858E-01    0.94797E+03
    0.69229E-01    0.92801E+03
    0.70627E-01    0.90756E+03
    0.72054E-01    0.88629E+03
    0.73510E-01    0.86368E+03
    0.74994E-01    0.83936E+03
    0.76509E-01    0.81368E+03
    0.78055E-01    0.78717E+03
    0.79632E-01    0.76027E+03
    0.81241E-01    0.73316E+03
    0.82882E-01    0.70602E+03
    0.84556E-01    0.67909E+03
    0.86264E-01    0.65269E+03
    0.88007E-01    0.62710E+03
    0.89785E-01    0.60262E+03
    0.91598E-01    0.57949E+03
    0.93449E-01    0.55791E+03
    0.95337E-01    0.53808E+03
    0.97263E-01    0.52012E+03
    0.99227E-01    0.50408E+03
    0.10123E+00    0.48992E+03
    0.10328E+00    0.47757E+03
    0.10536E+00    0.46684E+03
    0.10749E+00    0.45750E+03
    0.10966E+00    0.44928E+03
    0.11188E+00    0.44184E+03
    0.11414E+00    0.43484E+03
    0.11644E+00    0.42790E+03
    0.11880E+00    0.42066E+03
    0.12120E+00    0.41278E+03
    0.12365E+00    0.40395E+03
    0.12614E+00    0.39400E+03
    0.12869E+00    0.38284E+03
    0.13129E+00    0.37050E+03
    0.13394E+00    0.35712E+03
    0.13665E+00    0.34295E+03
    0.13941E+00    0.32827E+03
    0.14223E+00    0.31344E+03
    0.14510E+00    0.29886E+03
    0.14803E+00    0.28494E+03
    0.15102E+00    0.27207E+03
    0.15407E+00    0.26058E+03
    0.15718E+00    0.25063E+03
    0.16036E+00    0.24226E+03
    0.16360E+00    0.23529E+03
    0.16690E+00    0.22948E+03
    0.17028E+00    0.22451E+03
    0.17371E+00    0.22004E+03
    0.17722E+00    0.21570E+03
    0.18080E+00    0.21108E+03
    0.18446E+00    0.20585E+03
    0.18818E+00    0.19977E+03
    0.19198E+00    0.19280E+03
    0.19586E+00    0.18512E+03
    0.19982E+00    0.17701E+03
    0.20386E+00    0.16883E+03
    0.20797E+00    0.16093E+03
    0.21218E+00    0.15362E+03
    0.21646E+00    0.14715E+03
    0.22083E+00    0.14164E+03
    0.22530E+00    0.13706E+03
    0.22985E+00    0.13321E+03
    0.23449E+00    0.12981E+03
    0.23923E+00    0.12654E+03
    0.24406E+00    0.12308E+03
    0.24899E+00    0.11923E+03
    0.25402E+00    0.11492E+03
    0.25915E+00    0.11027E+03
    0.26439E+00    0.10548E+03
    0.26973E+00    0.10079E+03
    0.27518E+00    0.96447E+02
    0.28074E+00    0.92597E+02
    0.28641E+00    0.89281E+02
    0.29219E+00    0.86403E+02
    0.29810E+00    0.83774E+02
    0.30412E+00    0.81190E+02
    0.31026E+00    0.78498E+02
    0.31653E+00    0.75624E+02
    0.32292E+00    0.72607E+02
    0.32945E+00    0.69581E+02
    0.33610E+00    0.66703E+02
    0.34289E+00    0.64066E+02
    0.34982E+00    0.61700E+02
    0.35689E+00    0.59562E+02
    0.36409E+00    0.57544E+02
    0.37145E+00    0.55535E+02
    0.37895E+00    0.53485E+02
    0.38661E+00    0.51402E+02
    0.39442E+00    0.49351E+02
    0.40239E+00    0.47404E+02
    0.41052E+00    0.45599E+02
    0.41881E+00    0.43930E+02
    0.42727E+00    0.42349E+02
    0.43590E+00    0.40803E+02
    0.44471E+00    0.39269E+02
    0.45369E+00    0.37753E+02
    0.46286E+00    0.36290E+02
    0.47221E+00    0.34906E+02
    0.48174E+00    0.33601E+02
    0.49148E+00    0.32359E+02
    0.50141E+00    0.31153E+02
    0.51153E+00    0.29977E+02
    0.52187E+00    0.28833E+02
    0.53241E+00    0.27737E+02
    0.54317E+00    0.26694E+02
    0.55414E+00    0.25694E+02
    0.56533E+00    0.24730E+02
    0.57675E+00    0.23801E+02
    0.58840E+00    0.22907E+02
    0.60029E+00    0.22047E+02
    0.61242E+00    0.21221E+02
    0.62479E+00    0.20427E+02
    0.63741E+00    0.19664E+02
    0.65029E+00    0.18930E+02
    0.66342E+00    0.18226E+02
    0.67683E+00    0.17548E+02
    0.69050E+00    0.16897E+02
    0.70445E+00    0.16272E+02
    0.71868E+00    0.15670E+02
    0.73320E+00    0.15092E+02
    0.74801E+00    0.14536E+02
    0.76312E+00    0.14002E+02
    0.77854E+00    0.13489E+02
    0.79426E+00    0.12996E+02
    0.81031E+00    0.12522E+02
    0.82668E+00    0.12066E+02
    0.84338E+00    0.11629E+02
    0.86041E+00    0.11208E+02
    0.87780E+00    0.10804E+02
    0.89553E+00    0.10415E+02
    0.91362E+00    0.10042E+02
    0.93208E+00    0.96834E+01
    0.95091E+00    0.93387E+01
    0.97011E+00    0.90074E+01
    0.98971E+00    0.86890E+01
    0.10097E+01    0.83830E+01
    0.10301E+01    0.80889E+01
    0.10509E+01    0.78062E+01
    0.10721E+01    0.75345E+01
    0.10938E+01    0.72732E+01
    0.11159E+01    0.70221E+01
    0.11384E+01    0.67806E+01
    0.11614E+01    0.65485E+01
    0.11849E+01    0.63252E+01
    0.12088E+01    0.61105E+01
    0.12333E+01    0.59040E+01
    0.12582E+01    0.57054E+01
    0.12836E+01    0.55143E+01
    0.13095E+01    0.53305E+01
    0.13360E+01    0.51537E+01
    0.13630E+01    0.49836E+01
    0.13905E+01    0.48198E+01
    0.14186E+01    0.46622E+01
    0.14472E+01    0.45105E+01
    0.14765E+01    0.43645E+01
    0.15063E+01    0.42239E+01
    0.15367E+01    0.40885E+01
    0.15678E+01    0.39580E+01
    0.15994E+01    0.38324E+01
    0.16318E+01    0.37114E+01
    0.16647E+01    0.35948E+01
    0.16984E+01    0.34824E+01
    0.17327E+01    0.33741E+01
    0.17677E+01    0.32697E+01
    0.18034E+01    0.31690E+01
    0.18398E+01    0.30719E+01
    0.18770E+01    0.29783E+01
    0.19149E+01    0.28879E+01
    0.19536E+01    0.28008E+01
    0.19930E+01    0.27167E+01
    0.20333E+01    0.26354E+01
    0.20744E+01    0.25571E+01
    0.21163E+01    0.24813E+01
    0.21590E+01    0.24082E+01
    0.22026E+01    0.23376E+01
    0.22471E+01    0.22693E+01
    0.22925E+01    0.22034E+01
    0.23388E+01    0.21396E+01
    0.23861E+01    0.20779E+01
    0.24343E+01    0.20183E+01
    0.24835E+01    0.19606E+01
    0.25336E+01    0.19048E+01
    0.25848E+01    0.18508E+01
    0.26370E+01    0.17985E+01
    0.26903E+01    0.17479E+01
    0.27447E+01    0.16989E+01
    0.28001E+01    0.16514E+01
    0.28567E+01    0.16054E+01
    0.29144E+01    0.15608E+01
    0.29733E+01    0.15176E+01
    0.30333E+01    0.14757E+01
    0.30946E+01    0.14351E+01
    0.31571E+01    0.13957E+01
    0.32209E+01    0.13574E+01
    0.32860E+01    0.13203E+01
    0.33523E+01    0.12843E+01
    0.34201E+01    0.12494E+01
    0.34892E+01    0.12154E+01
    0.35596E+01    0.11825E+01
    0.36316E+01    0.11504E+01
    0.37049E+01    0.11193E+01
    0.37798E+01    0.10890E+01
    0.38561E+01    0.10596E+01
    0.39340E+01    0.10311E+01
    0.40135E+01    0.10033E+01
    0.40946E+01    0.97622E+00
    0.41773E+01    0.94991E+00
    0.42617E+01    0.92432E+00
    0.43478E+01    0.89941E+00
    0.44356E+01    0.87516E+00
    0.45252E+01    0.85156E+00
    0.46166E+01    0.82857E+00
    0.47099E+01    0.80619E+00
    0.48050E+01    0.78439E+00
    0.49021E+01    0.76316E+00
    0.50011E+01    0.74247E+00
    0.51021E+01    0.72231E+00
    0.52052E+01    0.70266E+00
    0.53104E+01    0.68352E+00
    0.54176E+01    0.66485E+00
    0.55271E+01    0.64666E+00
    0.56387E+01    0.62892E+00
    0.57526E+01    0.61162E+00
    0.58689E+01    0.59475E+00
    0.59874E+01    0.57830E+00
    0.61084E+01    0.56226E+00
    0.62318E+01    0.54661E+00
    0.63577E+01    0.53135E+00
    0.64861E+01    0.51646E+00
    0.66171E+01    0.50193E+00
    0.67508E+01    0.48777E+00
    0.68872E+01    0.47394E+00
    0.70263E+01    0.46046E+00
    0.71682E+01    0.44731E+00
    0.73130E+01    0.43447E+00
    0.74608E+01    0.42195E+00
    0.76115E+01    0.40974E+00
    0.77653E+01    0.39782E+00
    0.79221E+01    0.38620E+00
    0.80822E+01    0.37486E+00
    0.82454E+01    0.36380E+00
    0.84120E+01    0.35302E+00
    0.85819E+01    0.34250E+00
    0.87553E+01    0.33224E+00
    0.89322E+01    0.32223E+00
    0.91126E+01    0.31248E+00
    0.92967E+01    0.30297E+00
    0.94845E+01    0.29370E+00
    0.96761E+01    0.28466E+00
    0.98716E+01    0.27586E+00
    0.10071E+02    0.26727E+00
    0.10274E+02    0.25891E+00
    0.10482E+02    0.25076E+00
    0.10694E+02    0.24283E+00
    0.10910E+02    0.23510E+00
    0.11130E+02    0.22757E+00
    0.11355E+02    0.22024E+00
    0.11584E+02    0.21311E+00
    0.11818E+02    0.20617E+00
    0.12057E+02    0.19941E+00
    0.12301E+02    0.19284E+00
    0.12549E+02    0.18644E+00
    0.12803E+02    0.18023E+00
    0.13061E+02    0.17418E+00
    0.13325E+02    0.16830E+00
    0.13594E+02    0.16259E+00
    0.13869E+02    0.15704E+00
    0.14149E+02    0.15165E+00
    0.14435E+02    0.14641E+00
    0.14727E+02    0.14133E+00
    0.15024E+02    0.13639E+00
    0.15328E+02    0.13160E+00
    0.15637E+02    0.12695E+00
    0.15953E+02    0.12244E+00
    0.16275E+02    0.11807E+00
    0.16604E+02    0.11383E+00
    0.16940E+02    0.10972E+00
    0.17282E+02    0.10573E+00
    0.17631E+02    0.10187E+00
    0.17987E+02    0.98132E-01
    0.18351E+02    0.94511E-01
    0.18721E+02    0.91005E-01
    0.19099E+02    0.87611E-01
    0.19485E+02    0.84327E-01
    0.19879E+02    0.81150E-01
    0.20280E+02    0.78077E-01
    0.20690E+02    0.75105E-01
    0.21108E+02    0.72233E-01
    0.21535E+02    0.69457E-01
    0.21970E+02    0.66775E-01
    0.22413E+02    0.64184E-01
    0.22866E+02    0.61681E-01
    0.23328E+02    0.59265E-01
    0.23799E+02    0.56933E-01
    0.24280E+02    0.54682E-01
    0.24771E+02    0.52511E-01
    0.25271E+02    0.50417E-01
    0.25782E+02    0.48397E-01
    0.26302E+02    0.46450E-01
    0.26834E+02    0.44573E-01
    0.27376E+02    0.42765E-01
    0.27929E+02    0.41023E-01
    0.28493E+02    0.39344E-01
    0.29069E+02    0.37728E-01
    0.29656E+02    0.36173E-01
    0.30255E+02    0.34675E-01
    0.30866E+02    0.33234E-01
    0.31490E+02    0.31848E-01
    0.32126E+02    0.30514E-01
    0.32775E+02    0.29232E-01
    0.33437E+02    0.27999E-01
    0.34112E+02    0.26814E-01
    0.34801E+02    0.25675E-01
    0.35504E+02    0.24580E-01
    0.36222E+02    0.23529E-01
    0.36953E+02    0.22520E-01
    0.37700E+02    0.21551E-01
    0.38462E+02    0.20621E-01
    0.39239E+02    0.19728E-01
    0.40031E+02    0.18872E-01
    0.40840E+02    0.18050E-01
    0.41665E+02    0.17262E-01
    0.42507E+02    0.16506E-01
    0.43365E+02    0.15781E-01
    0.44241E+02    0.15086E-01
    0.45135E+02    0.14420E-01
    0.46047E+02    0.13782E-01
    0.46977E+02    0.13170E-01
    0.47926E+02    0.12583E-01
    0.48894E+02    0.12021E-01
    0.49882E+02    0.11483E-01
    0.50890E+02    0.10967E-01
    0.51918E+02    0.10474E-01
    0.52966E+02    0.10002E-01
    0.54036E+02    0.95501E-02
    0.55128E+02    0.91184E-02
    0.56242E+02    0.87058E-02
    0.57378E+02    0.83116E-02
    0.58537E+02    0.79351E-02
