    0.10000E-03    0.64662E+02
    0.10202E-03    0.65915E+02
    0.10408E-03    0.67192E+02
    0.10618E-03    0.68494E+02
    0.10833E-03    0.69821E+02
    0.11052E-03    0.71174E+02
    0.11275E-03    0.72553E+02
    0.11503E-03    0.73958E+02
    0.11735E-03    0.75391E+02
    0.11972E-03    0.76852E+02
    0.12214E-03    0.78340E+02
    0.12461E-03    0.79858E+02
    0.12712E-03    0.81405E+02
    0.12969E-03    0.82982E+02
    0.13231E-03    0.84589E+02
    0.13499E-03    0.86227E+02
    0.13771E-03    0.87898E+02
    0.14049E-03    0.89600E+02
    0.14333E-03    0.91335E+02
    0.14623E-03    0.93104E+02
    0.14918E-03    0.94907E+02
    0.15220E-03    0.96745E+02
    0.15527E-03    0.98618E+02
    0.15841E-03    0.10053E+03
    0.16161E-03    0.10247E+03
    0.16487E-03    0.10446E+03
    0.16820E-03    0.10648E+03
    0.17160E-03    0.10854E+03
    0.17507E-03    0.11064E+03
    0.17860E-03    0.11278E+03
    0.18221E-03    0.11497E+03
    0.18589E-03    0.11719E+03
    0.18965E-03    0.11946E+03
    0.19348E-03    0.12177E+03
    0.19739E-03    0.12413E+03
    0.20138E-03    0.12653E+03
    0.20544E-03    0.12898E+03
    0.20959E-03    0.13147E+03
    0.21383E-03    0.13402E+03
    0.21815E-03    0.13661E+03
    0.22255E-03    0.13925E+03
    0.22705E-03    0.14194E+03
    0.23164E-03    0.14469E+03
    0.23632E-03    0.14749E+03
    0.24109E-03    0.15034E+03
    0.24596E-03    0.15325E+03
    0.25093E-03    0.15621E+03
    0.25600E-03    0.15923E+03
    0.26117E-03    0.16230E+03
    0.26645E-03    0.16544E+03
    0.27183E-03    0.16864E+03
    0.27732E-03    0.17189E+03
    0.28292E-03    0.17521E+03
    0.28864E-03    0.17860E+03
    0.29447E-03    0.18205E+03
    0.30042E-03    0.18556E+03
    0.30649E-03    0.18914E+03
    0.31268E-03    0.19279E+03
    0.31899E-03    0.19651E+03
    0.32544E-03    0.20030E+03
    0.33201E-03    0.20417E+03
    0.33872E-03    0.20810E+03
    0.34556E-03    0.21212E+03
    0.35254E-03    0.21620E+03
    0.35966E-03    0.22037E+03
    0.36693E-03    0.22462E+03
    0.37434E-03    0.22894E+03
    0.38190E-03    0.23335E+03
    0.38962E-03    0.23785E+03
    0.39749E-03    0.24242E+03
    0.40552E-03    0.24709E+03
    0.41371E-03    0.25184E+03
    0.42207E-03    0.25669E+03
    0.43060E-03    0.26162E+03
    0.43929E-03    0.26665E+03
    0.44817E-03    0.27177E+03
    0.45722E-03    0.27699E+03
    0.46646E-03    0.28231E+03
    0.47588E-03    0.28773E+03
    0.48550E-03    0.29325E+03
    0.49530E-03    0.29887E+03
    0.50531E-03    0.30460E+03
    0.51552E-03    0.31043E+03
    0.52593E-03    0.31638E+03
    0.53656E-03    0.32243E+03
    0.54739E-03    0.32860E+03
    0.55845E-03    0.33489E+03
    0.56973E-03    0.34129E+03
    0.58124E-03    0.34781E+03
    0.59299E-03    0.35445E+03
    0.60496E-03    0.36121E+03
    0.61719E-03    0.36810E+03
    0.62965E-03    0.37512E+03
    0.64237E-03    0.38226E+03
    0.65535E-03    0.38954E+03
    0.66859E-03    0.39695E+03
    0.68210E-03    0.40449E+03
    0.69588E-03    0.41217E+03
    0.70993E-03    0.42000E+03
    0.72427E-03    0.42796E+03
    0.73891E-03    0.43607E+03
    0.75383E-03    0.44433E+03
    0.76906E-03    0.45273E+03
    0.78460E-03    0.46129E+03
    0.80045E-03    0.47000E+03
    0.81662E-03    0.47887E+03
    0.83311E-03    0.48789E+03
    0.84994E-03    0.49708E+03
    0.86711E-03    0.50643E+03
    0.88463E-03    0.51595E+03
    0.90250E-03    0.52563E+03
    0.92073E-03    0.53548E+03
    0.93933E-03    0.54551E+03
    0.95831E-03    0.55572E+03
    0.97767E-03    0.56610E+03
    0.99742E-03    0.57666E+03
    0.10176E-02    0.58741E+03
    0.10381E-02    0.59834E+03
    0.10591E-02    0.60946E+03
    0.10805E-02    0.62077E+03
    0.11023E-02    0.63227E+03
    0.11246E-02    0.64397E+03
    0.11473E-02    0.65587E+03
    0.11705E-02    0.66797E+03
    0.11941E-02    0.68028E+03
    0.12182E-02    0.69279E+03
    0.12429E-02    0.70551E+03
    0.12680E-02    0.71844E+03
    0.12936E-02    0.73158E+03
    0.13197E-02    0.74494E+03
    0.13464E-02    0.75852E+03
    0.13736E-02    0.77232E+03
    0.14013E-02    0.78635E+03
    0.14296E-02    0.80060E+03
    0.14585E-02    0.81508E+03
    0.14880E-02    0.82979E+03
    0.15180E-02    0.84473E+03
    0.15487E-02    0.85991E+03
    0.15800E-02    0.87533E+03
    0.16119E-02    0.89099E+03
    0.16445E-02    0.90690E+03
    0.16777E-02    0.92304E+03
    0.17116E-02    0.93944E+03
    0.17462E-02    0.95608E+03
    0.17814E-02    0.97298E+03
    0.18174E-02    0.99012E+03
    0.18541E-02    0.10075E+04
    0.18916E-02    0.10252E+04
    0.19298E-02    0.10431E+04
    0.19688E-02    0.10613E+04
    0.20086E-02    0.10797E+04
    0.20491E-02    0.10984E+04
    0.20905E-02    0.11174E+04
    0.21328E-02    0.11366E+04
    0.21758E-02    0.11561E+04
    0.22198E-02    0.11759E+04
    0.22646E-02    0.11959E+04
    0.23104E-02    0.12162E+04
    0.23571E-02    0.12368E+04
    0.24047E-02    0.12576E+04
    0.24533E-02    0.12787E+04
    0.25028E-02    0.13001E+04
    0.25534E-02    0.13217E+04
    0.26050E-02    0.13437E+04
    0.26576E-02    0.13658E+04
    0.27113E-02    0.13883E+04
    0.27660E-02    0.14110E+04
    0.28219E-02    0.14340E+04
    0.28789E-02    0.14573E+04
    0.29371E-02    0.14808E+04
    0.29964E-02    0.15046E+04
    0.30569E-02    0.15286E+04
    0.31187E-02    0.15529E+04
    0.31817E-02    0.15774E+04
    0.32460E-02    0.16022E+04
    0.33115E-02    0.16273E+04
    0.33784E-02    0.16526E+04
    0.34467E-02    0.16781E+04
    0.35163E-02    0.17039E+04
    0.35874E-02    0.17300E+04
    0.36598E-02    0.17562E+04
    0.37338E-02    0.17827E+04
    0.38092E-02    0.18094E+04
    0.38861E-02    0.18363E+04
    0.39646E-02    0.18634E+04
    0.40447E-02    0.18907E+04
    0.41264E-02    0.19182E+04
    0.42098E-02    0.19460E+04
    0.42948E-02    0.19739E+04
    0.43816E-02    0.20020E+04
    0.44701E-02    0.20302E+04
    0.45604E-02    0.20586E+04
    0.46525E-02    0.20870E+04
    0.47465E-02    0.21156E+04
    0.48424E-02    0.21443E+04
    0.49402E-02    0.21730E+04
    0.50400E-02    0.22019E+04
    0.51419E-02    0.22309E+04
    0.52457E-02    0.22601E+04
    0.53517E-02    0.22893E+04
    0.54598E-02    0.23187E+04
    0.55701E-02    0.23481E+04
    0.56826E-02    0.23775E+04
    0.57974E-02    0.24069E+04
    0.59145E-02    0.24363E+04
    0.60340E-02    0.24657E+04
    0.61559E-02    0.24950E+04
    0.62803E-02    0.25243E+04
    0.64072E-02    0.25536E+04
    0.65366E-02    0.25828E+04
    0.66686E-02    0.26118E+04
    0.68033E-02    0.26407E+04
    0.69408E-02    0.26695E+04
    0.70810E-02    0.26982E+04
    0.72240E-02    0.27266E+04
    0.73700E-02    0.27548E+04
    0.75189E-02    0.27828E+04
    0.76708E-02    0.28106E+04
    0.78257E-02    0.28381E+04
    0.79838E-02    0.28652E+04
    0.81451E-02    0.28921E+04
    0.83096E-02    0.29185E+04
    0.84775E-02    0.29446E+04
    0.86488E-02    0.29703E+04
    0.88235E-02    0.29956E+04
    0.90017E-02    0.30204E+04
    0.91836E-02    0.30447E+04
    0.93691E-02    0.30684E+04
    0.95583E-02    0.30916E+04
    0.97514E-02    0.31142E+04
    0.99484E-02    0.31362E+04
    0.10149E-01    0.31576E+04
    0.10354E-01    0.31782E+04
    0.10564E-01    0.31982E+04
    0.10777E-01    0.32173E+04
    0.10995E-01    0.32357E+04
    0.11217E-01    0.32533E+04
    0.11443E-01    0.32699E+04
    0.11675E-01    0.32857E+04
    0.11910E-01    0.33005E+04
    0.12151E-01    0.33144E+04
    0.12397E-01    0.33273E+04
    0.12647E-01    0.33392E+04
    0.12902E-01    0.33501E+04
    0.13163E-01    0.33598E+04
    0.13429E-01    0.33682E+04
    0.13700E-01    0.33753E+04
    0.13977E-01    0.33809E+04
    0.14259E-01    0.33852E+04
    0.14547E-01    0.33883E+04
    0.14841E-01    0.33905E+04
    0.15141E-01    0.33920E+04
    0.15447E-01    0.33930E+04
    0.15759E-01    0.33931E+04
    0.16077E-01    0.33921E+04
    0.16402E-01    0.33894E+04
    0.16734E-01    0.33848E+04
    0.17072E-01    0.33779E+04
    0.17416E-01    0.33688E+04
    0.17768E-01    0.33577E+04
    0.18127E-01    0.33449E+04
    0.18493E-01    0.33306E+04
    0.18867E-01    0.33150E+04
    0.19248E-01    0.32979E+04
    0.19637E-01    0.32792E+04
    0.20034E-01    0.32586E+04
    0.20438E-01    0.32357E+04
    0.20851E-01    0.32106E+04
    0.21272E-01    0.31834E+04
    0.21702E-01    0.31544E+04
    0.22141E-01    0.31238E+04
    0.22588E-01    0.30919E+04
    0.23044E-01    0.30591E+04
    0.23510E-01    0.30252E+04
    0.23985E-01    0.29904E+04
    0.24469E-01    0.29546E+04
    0.24964E-01    0.29177E+04
    0.25468E-01    0.28798E+04
    0.25982E-01    0.28409E+04
    0.26507E-01    0.28009E+04
    0.27043E-01    0.27598E+04
    0.27589E-01    0.27175E+04
    0.28146E-01    0.26742E+04
    0.28715E-01    0.26298E+04
    0.29295E-01    0.25846E+04
    0.29887E-01    0.25387E+04
    0.30490E-01    0.24922E+04
    0.31106E-01    0.24454E+04
    0.31735E-01    0.23983E+04
    0.32376E-01    0.23513E+04
    0.33030E-01    0.23043E+04
    0.33697E-01    0.22577E+04
    0.34378E-01    0.22116E+04
    0.35072E-01    0.21660E+04
    0.35781E-01    0.21211E+04
    0.36504E-01    0.20770E+04
    0.37241E-01    0.20337E+04
    0.37993E-01    0.19913E+04
    0.38761E-01    0.19499E+04
    0.39544E-01    0.19096E+04
    0.40343E-01    0.18704E+04
    0.41158E-01    0.18324E+04
    0.41989E-01    0.17956E+04
    0.42838E-01    0.17602E+04
    0.43703E-01    0.17264E+04
    0.44586E-01    0.16941E+04
    0.45486E-01    0.16636E+04
    0.46405E-01    0.16348E+04
    0.47343E-01    0.16075E+04
    0.48299E-01    0.15817E+04
    0.49275E-01    0.15572E+04
    0.50270E-01    0.15338E+04
    0.51286E-01    0.15116E+04
    0.52322E-01    0.14902E+04
    0.53379E-01    0.14698E+04
    0.54457E-01    0.14501E+04
    0.55557E-01    0.14310E+04
    0.56680E-01    0.14122E+04
    0.57825E-01    0.13934E+04
    0.58993E-01    0.13746E+04
    0.60184E-01    0.13556E+04
    0.61400E-01    0.13361E+04
    0.62641E-01    0.13161E+04
    0.63906E-01    0.12951E+04
    0.65197E-01    0.12729E+04
    0.66514E-01    0.12493E+04
    0.67858E-01    0.12245E+04
    0.69229E-01    0.11987E+04
    0.70627E-01    0.11723E+04
    0.72054E-01    0.11448E+04
    0.73510E-01    0.11157E+04
    0.74994E-01    0.10843E+04
    0.76509E-01    0.10512E+04
    0.78055E-01    0.10170E+04
    0.79632E-01    0.98234E+03
    0.81241E-01    0.94741E+03
    0.82882E-01    0.91242E+03
    0.84556E-01    0.87772E+03
    0.86264E-01    0.84371E+03
    0.88007E-01    0.81074E+03
    0.89785E-01    0.77920E+03
    0.91598E-01    0.74941E+03
    0.93449E-01    0.72162E+03
    0.95337E-01    0.69606E+03
    0.97263E-01    0.67292E+03
    0.99227E-01    0.65225E+03
    0.10123E+00    0.63399E+03
    0.10328E+00    0.61806E+03
    0.10536E+00    0.60421E+03
    0.10749E+00    0.59215E+03
    0.10966E+00    0.58152E+03
    0.11188E+00    0.57189E+03
    0.11414E+00    0.56283E+03
    0.11644E+00    0.55385E+03
    0.11880E+00    0.54447E+03
    0.12120E+00    0.53427E+03
    0.12365E+00    0.52286E+03
    0.12614E+00    0.51002E+03
    0.12869E+00    0.49562E+03
    0.13129E+00    0.47971E+03
    0.13394E+00    0.46248E+03
    0.13665E+00    0.44424E+03
    0.13941E+00    0.42535E+03
    0.14223E+00    0.40629E+03
    0.14510E+00    0.38753E+03
    0.14803E+00    0.36963E+03
    0.15102E+00    0.35308E+03
    0.15407E+00    0.33830E+03
    0.15718E+00    0.32549E+03
    0.16036E+00    0.31470E+03
    0.16360E+00    0.30571E+03
    0.16690E+00    0.29820E+03
    0.17028E+00    0.29176E+03
    0.17371E+00    0.28596E+03
    0.17722E+00    0.28032E+03
    0.18080E+00    0.27434E+03
    0.18446E+00    0.26757E+03
    0.18818E+00    0.25972E+03
    0.19198E+00    0.25074E+03
    0.19586E+00    0.24084E+03
    0.19982E+00    0.23042E+03
    0.20386E+00    0.21991E+03
    0.20797E+00    0.20976E+03
    0.21218E+00    0.20036E+03
    0.21646E+00    0.19204E+03
    0.22083E+00    0.18494E+03
    0.22530E+00    0.17903E+03
    0.22985E+00    0.17405E+03
    0.23449E+00    0.16964E+03
    0.23923E+00    0.16538E+03
    0.24406E+00    0.16090E+03
    0.24899E+00    0.15593E+03
    0.25402E+00    0.15038E+03
    0.25915E+00    0.14439E+03
    0.26439E+00    0.13823E+03
    0.26973E+00    0.13220E+03
    0.27518E+00    0.12661E+03
    0.28074E+00    0.12165E+03
    0.28641E+00    0.11737E+03
    0.29219E+00    0.11365E+03
    0.29810E+00    0.11024E+03
    0.30412E+00    0.10689E+03
    0.31026E+00    0.10341E+03
    0.31653E+00    0.99698E+02
    0.32292E+00    0.95808E+02
    0.32945E+00    0.91911E+02
    0.33610E+00    0.88202E+02
    0.34289E+00    0.84800E+02
    0.34982E+00    0.81742E+02
    0.35689E+00    0.78974E+02
    0.36409E+00    0.76358E+02
    0.37145E+00    0.73756E+02
    0.37895E+00    0.71104E+02
    0.38661E+00    0.68413E+02
    0.39442E+00    0.65763E+02
    0.40239E+00    0.63248E+02
    0.41052E+00    0.60912E+02
    0.41881E+00    0.58748E+02
    0.42727E+00    0.56697E+02
    0.43590E+00    0.54693E+02
    0.44471E+00    0.52703E+02
    0.45369E+00    0.50739E+02
    0.46286E+00    0.48843E+02
    0.47221E+00    0.47047E+02
    0.48174E+00    0.45352E+02
    0.49148E+00    0.43738E+02
    0.50141E+00    0.42171E+02
    0.51153E+00    0.40641E+02
    0.52187E+00    0.39154E+02
    0.53241E+00    0.37729E+02
    0.54317E+00    0.36370E+02
    0.55414E+00    0.35067E+02
    0.56533E+00    0.33810E+02
    0.57675E+00    0.32598E+02
    0.58840E+00    0.31430E+02
    0.60029E+00    0.30307E+02
    0.61242E+00    0.29227E+02
    0.62479E+00    0.28188E+02
    0.63741E+00    0.27188E+02
    0.65029E+00    0.26227E+02
    0.66342E+00    0.25303E+02
    0.67683E+00    0.24413E+02
    0.69050E+00    0.23558E+02
    0.70445E+00    0.22734E+02
    0.71868E+00    0.21942E+02
    0.73320E+00    0.21180E+02
    0.74801E+00    0.20447E+02
    0.76312E+00    0.19742E+02
    0.77854E+00    0.19063E+02
    0.79426E+00    0.18410E+02
    0.81031E+00    0.17781E+02
    0.82668E+00    0.17177E+02
    0.84338E+00    0.16595E+02
    0.86041E+00    0.16035E+02
    0.87780E+00    0.15496E+02
    0.89553E+00    0.14977E+02
    0.91362E+00    0.14478E+02
    0.93208E+00    0.13998E+02
    0.95091E+00    0.13535E+02
    0.97011E+00    0.13090E+02
    0.98971E+00    0.12662E+02
    0.10097E+01    0.12249E+02
    0.10301E+01    0.11852E+02
    0.10509E+01    0.11469E+02
    0.10721E+01    0.11101E+02
    0.10938E+01    0.10746E+02
    0.11159E+01    0.10404E+02
    0.11384E+01    0.10074E+02
    0.11614E+01    0.97567E+01
    0.11849E+01    0.94508E+01
    0.12088E+01    0.91559E+01
    0.12333E+01    0.88716E+01
    0.12582E+01    0.85975E+01
    0.12836E+01    0.83332E+01
    0.13095E+01    0.80783E+01
    0.13360E+01    0.78325E+01
    0.13630E+01    0.75953E+01
    0.13905E+01    0.73664E+01
    0.14186E+01    0.71456E+01
    0.14472E+01    0.69324E+01
    0.14765E+01    0.67266E+01
    0.15063E+01    0.65279E+01
    0.15367E+01    0.63359E+01
    0.15678E+01    0.61505E+01
    0.15994E+01    0.59714E+01
    0.16318E+01    0.57983E+01
    0.16647E+01    0.56310E+01
    0.16984E+01    0.54693E+01
    0.17327E+01    0.53129E+01
    0.17677E+01    0.51616E+01
    0.18034E+01    0.50153E+01
    0.18398E+01    0.48737E+01
    0.18770E+01    0.47367E+01
    0.19149E+01    0.46041E+01
    0.19536E+01    0.44757E+01
    0.19930E+01    0.43513E+01
    0.20333E+01    0.42308E+01
    0.20744E+01    0.41141E+01
    0.21163E+01    0.40010E+01
    0.21590E+01    0.38914E+01
    0.22026E+01    0.37851E+01
    0.22471E+01    0.36820E+01
    0.22925E+01    0.35820E+01
    0.23388E+01    0.34850E+01
    0.23861E+01    0.33909E+01
    0.24343E+01    0.32995E+01
    0.24835E+01    0.32108E+01
    0.25336E+01    0.31246E+01
    0.25848E+01    0.30410E+01
    0.26370E+01    0.29597E+01
    0.26903E+01    0.28807E+01
    0.27447E+01    0.28039E+01
    0.28001E+01    0.27293E+01
    0.28567E+01    0.26567E+01
    0.29144E+01    0.25862E+01
    0.29733E+01    0.25175E+01
    0.30333E+01    0.24507E+01
    0.30946E+01    0.23857E+01
    0.31571E+01    0.23225E+01
    0.32209E+01    0.22609E+01
    0.32860E+01    0.22010E+01
    0.33523E+01    0.21426E+01
    0.34201E+01    0.20857E+01
    0.34892E+01    0.20303E+01
    0.35596E+01    0.19763E+01
    0.36316E+01    0.19238E+01
    0.37049E+01    0.18725E+01
    0.37798E+01    0.18225E+01
    0.38561E+01    0.17738E+01
    0.39340E+01    0.17263E+01
    0.40135E+01    0.16800E+01
    0.40946E+01    0.16349E+01
    0.41773E+01    0.15908E+01
    0.42617E+01    0.15479E+01
    0.43478E+01    0.15060E+01
    0.44356E+01    0.14651E+01
    0.45252E+01    0.14252E+01
    0.46166E+01    0.13863E+01
    0.47099E+01    0.13483E+01
    0.48050E+01    0.13112E+01
    0.49021E+01    0.12750E+01
    0.50011E+01    0.12397E+01
    0.51021E+01    0.12053E+01
    0.52052E+01    0.11716E+01
    0.53104E+01    0.11388E+01
    0.54176E+01    0.11068E+01
    0.55271E+01    0.10755E+01
    0.56387E+01    0.10450E+01
    0.57526E+01    0.10152E+01
    0.58689E+01    0.98612E+00
    0.59874E+01    0.95774E+00
    0.61084E+01    0.93005E+00
    0.62318E+01    0.90303E+00
    0.63577E+01    0.87666E+00
    0.64861E+01    0.85093E+00
    0.66171E+01    0.82583E+00
    0.67508E+01    0.80134E+00
    0.68872E+01    0.77745E+00
    0.70263E+01    0.75414E+00
    0.71682E+01    0.73141E+00
    0.73130E+01    0.70924E+00
    0.74608E+01    0.68763E+00
    0.76115E+01    0.66656E+00
    0.77653E+01    0.64602E+00
    0.79221E+01    0.62599E+00
    0.80822E+01    0.60648E+00
    0.82454E+01    0.58746E+00
    0.84120E+01    0.56894E+00
    0.85819E+01    0.55089E+00
    0.87553E+01    0.53331E+00
    0.89322E+01    0.51620E+00
    0.91126E+01    0.49954E+00
    0.92967E+01    0.48332E+00
    0.94845E+01    0.46753E+00
    0.96761E+01    0.45217E+00
    0.98716E+01    0.43723E+00
    0.10071E+02    0.42270E+00
    0.10274E+02    0.40856E+00
    0.10482E+02    0.39482E+00
    0.10694E+02    0.38147E+00
    0.10910E+02    0.36849E+00
    0.11130E+02    0.35588E+00
    0.11355E+02    0.34363E+00
    0.11584E+02    0.33173E+00
    0.11818E+02    0.32018E+00
    0.12057E+02    0.30897E+00
    0.12301E+02    0.29809E+00
    0.12549E+02    0.28754E+00
    0.12803E+02    0.27730E+00
    0.13061E+02    0.26737E+00
    0.13325E+02    0.25774E+00
    0.13594E+02    0.24841E+00
    0.13869E+02    0.23937E+00
    0.14149E+02    0.23061E+00
    0.14435E+02    0.22213E+00
    0.14727E+02    0.21391E+00
    0.15024E+02    0.20596E+00
    0.15328E+02    0.19826E+00
    0.15637E+02    0.19081E+00
    0.15953E+02    0.18361E+00
    0.16275E+02    0.17664E+00
    0.16604E+02    0.16991E+00
    0.16940E+02    0.16339E+00
    0.17282E+02    0.15710E+00
    0.17631E+02    0.15102E+00
    0.17987E+02    0.14515E+00
    0.18351E+02    0.13948E+00
    0.18721E+02    0.13400E+00
    0.19099E+02    0.12872E+00
    0.19485E+02    0.12362E+00
    0.19879E+02    0.11870E+00
    0.20280E+02    0.11395E+00
    0.20690E+02    0.10938E+00
    0.21108E+02    0.10497E+00
    0.21535E+02    0.10072E+00
    0.21970E+02    0.96621E-01
    0.22413E+02    0.92676E-01
    0.22866E+02    0.88876E-01
    0.23328E+02    0.85218E-01
    0.23799E+02    0.81696E-01
    0.24280E+02    0.78307E-01
    0.24771E+02    0.75047E-01
    0.25271E+02    0.71910E-01
    0.25782E+02    0.68894E-01
    0.26302E+02    0.65994E-01
    0.26834E+02    0.63206E-01
    0.27376E+02    0.60526E-01
    0.27929E+02    0.57952E-01
    0.28493E+02    0.55479E-01
    0.29069E+02    0.53104E-01
    0.29656E+02    0.50823E-01
    0.30255E+02    0.48634E-01
    0.30866E+02    0.46532E-01
    0.31490E+02    0.44516E-01
    0.32126E+02    0.42581E-01
    0.32775E+02    0.40725E-01
    0.33437E+02    0.38945E-01
    0.34112E+02    0.37238E-01
    0.34801E+02    0.35601E-01
    0.35504E+02    0.34033E-01
    0.36222E+02    0.32530E-01
    0.36953E+02    0.31090E-01
    0.37700E+02    0.29710E-01
    0.38462E+02    0.28389E-01
    0.39239E+02    0.27123E-01
    0.40031E+02    0.25912E-01
    0.40840E+02    0.24752E-01
    0.41665E+02    0.23641E-01
    0.42507E+02    0.22579E-01
    0.43365E+02    0.21562E-01
    0.44241E+02    0.20588E-01
    0.45135E+02    0.19657E-01
    0.46047E+02    0.18766E-01
    0.46977E+02    0.17914E-01
    0.47926E+02    0.17099E-01
    0.48894E+02    0.16319E-01
    0.49882E+02    0.15573E-01
    0.50890E+02    0.14861E-01
    0.51918E+02    0.14179E-01
    0.52966E+02    0.13529E-01
    0.54036E+02    0.12907E-01
    0.55128E+02    0.12313E-01
    0.56242E+02    0.11746E-01
    0.57378E+02    0.11205E-01
    0.58537E+02    0.10689E-01
