    0.10000E-03    0.24048E+03
    0.10202E-03    0.24514E+03
    0.10408E-03    0.24989E+03
    0.10618E-03    0.25473E+03
    0.10833E-03    0.25966E+03
    0.11052E-03    0.26469E+03
    0.11275E-03    0.26982E+03
    0.11503E-03    0.27505E+03
    0.11735E-03    0.28038E+03
    0.11972E-03    0.28581E+03
    0.12214E-03    0.29134E+03
    0.12461E-03    0.29699E+03
    0.12712E-03    0.30274E+03
    0.12969E-03    0.30860E+03
    0.13231E-03    0.31458E+03
    0.13499E-03    0.32067E+03
    0.13771E-03    0.32688E+03
    0.14049E-03    0.33321E+03
    0.14333E-03    0.33966E+03
    0.14623E-03    0.34624E+03
    0.14918E-03    0.35294E+03
    0.15220E-03    0.35978E+03
    0.15527E-03    0.36674E+03
    0.15841E-03    0.37384E+03
    0.16161E-03    0.38108E+03
    0.16487E-03    0.38845E+03
    0.16820E-03    0.39597E+03
    0.17160E-03    0.40364E+03
    0.17507E-03    0.41145E+03
    0.17860E-03    0.41941E+03
    0.18221E-03    0.42753E+03
    0.18589E-03    0.43580E+03
    0.18965E-03    0.44423E+03
    0.19348E-03    0.45282E+03
    0.19739E-03    0.46158E+03
    0.20138E-03    0.47051E+03
    0.20544E-03    0.47961E+03
    0.20959E-03    0.48889E+03
    0.21383E-03    0.49834E+03
    0.21815E-03    0.50798E+03
    0.22255E-03    0.51780E+03
    0.22705E-03    0.52781E+03
    0.23164E-03    0.53801E+03
    0.23632E-03    0.54841E+03
    0.24109E-03    0.55901E+03
    0.24596E-03    0.56981E+03
    0.25093E-03    0.58082E+03
    0.25600E-03    0.59204E+03
    0.26117E-03    0.60347E+03
    0.26645E-03    0.61513E+03
    0.27183E-03    0.62701E+03
    0.27732E-03    0.63911E+03
    0.28292E-03    0.65145E+03
    0.28864E-03    0.66402E+03
    0.29447E-03    0.67683E+03
    0.30042E-03    0.68989E+03
    0.30649E-03    0.70320E+03
    0.31268E-03    0.71676E+03
    0.31899E-03    0.73058E+03
    0.32544E-03    0.74466E+03
    0.33201E-03    0.75902E+03
    0.33872E-03    0.77364E+03
    0.34556E-03    0.78855E+03
    0.35254E-03    0.80373E+03
    0.35966E-03    0.81921E+03
    0.36693E-03    0.83498E+03
    0.37434E-03    0.85105E+03
    0.38190E-03    0.86742E+03
    0.38962E-03    0.88410E+03
    0.39749E-03    0.90110E+03
    0.40552E-03    0.91842E+03
    0.41371E-03    0.93607E+03
    0.42207E-03    0.95405E+03
    0.43060E-03    0.97237E+03
    0.43929E-03    0.99104E+03
    0.44817E-03    0.10101E+04
    0.45722E-03    0.10294E+04
    0.46646E-03    0.10492E+04
    0.47588E-03    0.10693E+04
    0.48550E-03    0.10898E+04
    0.49530E-03    0.11106E+04
    0.50531E-03    0.11319E+04
    0.51552E-03    0.11535E+04
    0.52593E-03    0.11756E+04
    0.53656E-03    0.11981E+04
    0.54739E-03    0.12209E+04
    0.55845E-03    0.12443E+04
    0.56973E-03    0.12680E+04
    0.58124E-03    0.12922E+04
    0.59299E-03    0.13168E+04
    0.60496E-03    0.13419E+04
    0.61719E-03    0.13674E+04
    0.62965E-03    0.13934E+04
    0.64237E-03    0.14199E+04
    0.65535E-03    0.14469E+04
    0.66859E-03    0.14744E+04
    0.68210E-03    0.15024E+04
    0.69588E-03    0.15308E+04
    0.70993E-03    0.15598E+04
    0.72427E-03    0.15894E+04
    0.73891E-03    0.16194E+04
    0.75383E-03    0.16500E+04
    0.76906E-03    0.16812E+04
    0.78460E-03    0.17129E+04
    0.80045E-03    0.17451E+04
    0.81662E-03    0.17780E+04
    0.83311E-03    0.18114E+04
    0.84994E-03    0.18455E+04
    0.86711E-03    0.18801E+04
    0.88463E-03    0.19154E+04
    0.90250E-03    0.19513E+04
    0.92073E-03    0.19878E+04
    0.93933E-03    0.20249E+04
    0.95831E-03    0.20627E+04
    0.97767E-03    0.21012E+04
    0.99742E-03    0.21403E+04
    0.10176E-02    0.21801E+04
    0.10381E-02    0.22206E+04
    0.10591E-02    0.22618E+04
    0.10805E-02    0.23037E+04
    0.11023E-02    0.23463E+04
    0.11246E-02    0.23897E+04
    0.11473E-02    0.24338E+04
    0.11705E-02    0.24786E+04
    0.11941E-02    0.25242E+04
    0.12182E-02    0.25705E+04
    0.12429E-02    0.26176E+04
    0.12680E-02    0.26655E+04
    0.12936E-02    0.27142E+04
    0.13197E-02    0.27638E+04
    0.13464E-02    0.28141E+04
    0.13736E-02    0.28652E+04
    0.14013E-02    0.29172E+04
    0.14296E-02    0.29700E+04
    0.14585E-02    0.30236E+04
    0.14880E-02    0.30782E+04
    0.15180E-02    0.31336E+04
    0.15487E-02    0.31898E+04
    0.15800E-02    0.32470E+04
    0.16119E-02    0.33050E+04
    0.16445E-02    0.33639E+04
    0.16777E-02    0.34238E+04
    0.17116E-02    0.34845E+04
    0.17462E-02    0.35462E+04
    0.17814E-02    0.36089E+04
    0.18174E-02    0.36724E+04
    0.18541E-02    0.37369E+04
    0.18916E-02    0.38024E+04
    0.19298E-02    0.38688E+04
    0.19688E-02    0.39362E+04
    0.20086E-02    0.40045E+04
    0.20491E-02    0.40738E+04
    0.20905E-02    0.41441E+04
    0.21328E-02    0.42154E+04
    0.21758E-02    0.42877E+04
    0.22198E-02    0.43609E+04
    0.22646E-02    0.44352E+04
    0.23104E-02    0.45104E+04
    0.23571E-02    0.45867E+04
    0.24047E-02    0.46639E+04
    0.24533E-02    0.47421E+04
    0.25028E-02    0.48214E+04
    0.25534E-02    0.49016E+04
    0.26050E-02    0.49829E+04
    0.26576E-02    0.50651E+04
    0.27113E-02    0.51483E+04
    0.27660E-02    0.52326E+04
    0.28219E-02    0.53178E+04
    0.28789E-02    0.54040E+04
    0.29371E-02    0.54912E+04
    0.29964E-02    0.55793E+04
    0.30569E-02    0.56684E+04
    0.31187E-02    0.57585E+04
    0.31817E-02    0.58495E+04
    0.32460E-02    0.59414E+04
    0.33115E-02    0.60343E+04
    0.33784E-02    0.61281E+04
    0.34467E-02    0.62228E+04
    0.35163E-02    0.63184E+04
    0.35874E-02    0.64149E+04
    0.36598E-02    0.65122E+04
    0.37338E-02    0.66104E+04
    0.38092E-02    0.67093E+04
    0.38861E-02    0.68089E+04
    0.39646E-02    0.69094E+04
    0.40447E-02    0.70106E+04
    0.41264E-02    0.71127E+04
    0.42098E-02    0.72157E+04
    0.42948E-02    0.73196E+04
    0.43816E-02    0.74241E+04
    0.44701E-02    0.75289E+04
    0.45604E-02    0.76338E+04
    0.46525E-02    0.77384E+04
    0.47465E-02    0.78427E+04
    0.48424E-02    0.79468E+04
    0.49402E-02    0.80513E+04
    0.50400E-02    0.81563E+04
    0.51419E-02    0.82623E+04
    0.52457E-02    0.83695E+04
    0.53517E-02    0.84776E+04
    0.54598E-02    0.85863E+04
    0.55701E-02    0.86953E+04
    0.56826E-02    0.88044E+04
    0.57974E-02    0.89132E+04
    0.59145E-02    0.90219E+04
    0.60340E-02    0.91304E+04
    0.61559E-02    0.92387E+04
    0.62803E-02    0.93469E+04
    0.64072E-02    0.94548E+04
    0.65366E-02    0.95625E+04
    0.66686E-02    0.96698E+04
    0.68033E-02    0.97767E+04
    0.69408E-02    0.98830E+04
    0.70810E-02    0.99887E+04
    0.72240E-02    0.10094E+05
    0.73700E-02    0.10198E+05
    0.75189E-02    0.10301E+05
    0.76708E-02    0.10403E+05
    0.78257E-02    0.10505E+05
    0.79838E-02    0.10605E+05
    0.81451E-02    0.10704E+05
    0.83096E-02    0.10801E+05
    0.84775E-02    0.10898E+05
    0.86488E-02    0.10992E+05
    0.88235E-02    0.11085E+05
    0.90017E-02    0.11177E+05
    0.91836E-02    0.11266E+05
    0.93691E-02    0.11353E+05
    0.95583E-02    0.11439E+05
    0.97514E-02    0.11522E+05
    0.99484E-02    0.11603E+05
    0.10149E-01    0.11681E+05
    0.10354E-01    0.11757E+05
    0.10564E-01    0.11830E+05
    0.10777E-01    0.11901E+05
    0.10995E-01    0.11968E+05
    0.11217E-01    0.12032E+05
    0.11443E-01    0.12093E+05
    0.11675E-01    0.12151E+05
    0.11910E-01    0.12205E+05
    0.12151E-01    0.12256E+05
    0.12397E-01    0.12303E+05
    0.12647E-01    0.12346E+05
    0.12902E-01    0.12386E+05
    0.13163E-01    0.12421E+05
    0.13429E-01    0.12451E+05
    0.13700E-01    0.12477E+05
    0.13977E-01    0.12497E+05
    0.14259E-01    0.12512E+05
    0.14547E-01    0.12522E+05
    0.14841E-01    0.12530E+05
    0.15141E-01    0.12534E+05
    0.15447E-01    0.12537E+05
    0.15759E-01    0.12537E+05
    0.16077E-01    0.12532E+05
    0.16402E-01    0.12521E+05
    0.16734E-01    0.12503E+05
    0.17072E-01    0.12477E+05
    0.17416E-01    0.12442E+05
    0.17768E-01    0.12400E+05
    0.18127E-01    0.12352E+05
    0.18493E-01    0.12298E+05
    0.18867E-01    0.12239E+05
    0.19248E-01    0.12175E+05
    0.19637E-01    0.12105E+05
    0.20034E-01    0.12028E+05
    0.20438E-01    0.11943E+05
    0.20851E-01    0.11849E+05
    0.21272E-01    0.11747E+05
    0.21702E-01    0.11639E+05
    0.22141E-01    0.11525E+05
    0.22588E-01    0.11407E+05
    0.23044E-01    0.11285E+05
    0.23510E-01    0.11159E+05
    0.23985E-01    0.11029E+05
    0.24469E-01    0.10896E+05
    0.24964E-01    0.10759E+05
    0.25468E-01    0.10619E+05
    0.25982E-01    0.10474E+05
    0.26507E-01    0.10326E+05
    0.27043E-01    0.10174E+05
    0.27589E-01    0.10017E+05
    0.28146E-01    0.98565E+04
    0.28715E-01    0.96922E+04
    0.29295E-01    0.95250E+04
    0.29887E-01    0.93553E+04
    0.30490E-01    0.91836E+04
    0.31106E-01    0.90105E+04
    0.31735E-01    0.88367E+04
    0.32376E-01    0.86628E+04
    0.33030E-01    0.84896E+04
    0.33697E-01    0.83177E+04
    0.34378E-01    0.81475E+04
    0.35072E-01    0.79794E+04
    0.35781E-01    0.78139E+04
    0.36504E-01    0.76512E+04
    0.37241E-01    0.74917E+04
    0.37993E-01    0.73356E+04
    0.38761E-01    0.71832E+04
    0.39544E-01    0.70347E+04
    0.40343E-01    0.68904E+04
    0.41158E-01    0.67505E+04
    0.41989E-01    0.66152E+04
    0.42838E-01    0.64850E+04
    0.43703E-01    0.63604E+04
    0.44586E-01    0.62417E+04
    0.45486E-01    0.61293E+04
    0.46405E-01    0.60232E+04
    0.47343E-01    0.59227E+04
    0.48299E-01    0.58274E+04
    0.49275E-01    0.57368E+04
    0.50270E-01    0.56505E+04
    0.51286E-01    0.55681E+04
    0.52322E-01    0.54893E+04
    0.53379E-01    0.54136E+04
    0.54457E-01    0.53406E+04
    0.55557E-01    0.52695E+04
    0.56680E-01    0.51996E+04
    0.57825E-01    0.51300E+04
    0.58993E-01    0.50602E+04
    0.60184E-01    0.49894E+04
    0.61400E-01    0.49171E+04
    0.62641E-01    0.48427E+04
    0.63906E-01    0.47651E+04
    0.65197E-01    0.46832E+04
    0.66514E-01    0.45962E+04
    0.67858E-01    0.45047E+04
    0.69229E-01    0.44101E+04
    0.70627E-01    0.43132E+04
    0.72054E-01    0.42128E+04
    0.73510E-01    0.41063E+04
    0.74994E-01    0.39922E+04
    0.76509E-01    0.38719E+04
    0.78055E-01    0.37481E+04
    0.79632E-01    0.36227E+04
    0.81241E-01    0.34965E+04
    0.82882E-01    0.33703E+04
    0.84556E-01    0.32453E+04
    0.86264E-01    0.31229E+04
    0.88007E-01    0.30044E+04
    0.89785E-01    0.28910E+04
    0.91598E-01    0.27839E+04
    0.93449E-01    0.26840E+04
    0.95337E-01    0.25921E+04
    0.97263E-01    0.25087E+04
    0.99227E-01    0.24341E+04
    0.10123E+00    0.23680E+04
    0.10328E+00    0.23100E+04
    0.10536E+00    0.22593E+04
    0.10749E+00    0.22149E+04
    0.10966E+00    0.21755E+04
    0.11188E+00    0.21395E+04
    0.11414E+00    0.21055E+04
    0.11644E+00    0.20717E+04
    0.11880E+00    0.20366E+04
    0.12120E+00    0.19986E+04
    0.12365E+00    0.19566E+04
    0.12614E+00    0.19097E+04
    0.12869E+00    0.18576E+04
    0.13129E+00    0.18004E+04
    0.13394E+00    0.17389E+04
    0.13665E+00    0.16741E+04
    0.13941E+00    0.16073E+04
    0.14223E+00    0.15400E+04
    0.14510E+00    0.14739E+04
    0.14803E+00    0.14109E+04
    0.15102E+00    0.13526E+04
    0.15407E+00    0.13003E+04
    0.15718E+00    0.12548E+04
    0.16036E+00    0.12161E+04
    0.16360E+00    0.11836E+04
    0.16690E+00    0.11560E+04
    0.17028E+00    0.11321E+04
    0.17371E+00    0.11102E+04
    0.17722E+00    0.10890E+04
    0.18080E+00    0.10666E+04
    0.18446E+00    0.10417E+04
    0.18818E+00    0.10133E+04
    0.19198E+00    0.98127E+03
    0.19586E+00    0.94637E+03
    0.19982E+00    0.90985E+03
    0.20386E+00    0.87316E+03
    0.20797E+00    0.83773E+03
    0.21218E+00    0.80488E+03
    0.21646E+00    0.77560E+03
    0.22083E+00    0.75039E+03
    0.22530E+00    0.72904E+03
    0.22985E+00    0.71075E+03
    0.23449E+00    0.69434E+03
    0.23923E+00    0.67847E+03
    0.24406E+00    0.66191E+03
    0.24899E+00    0.64383E+03
    0.25402E+00    0.62399E+03
    0.25915E+00    0.60285E+03
    0.26439E+00    0.58123E+03
    0.26973E+00    0.56014E+03
    0.27518E+00    0.54048E+03
    0.28074E+00    0.52287E+03
    0.28641E+00    0.50743E+03
    0.29219E+00    0.49378E+03
    0.29810E+00    0.48115E+03
    0.30412E+00    0.46875E+03
    0.31026E+00    0.45598E+03
    0.31653E+00    0.44256E+03
    0.32292E+00    0.42865E+03
    0.32945E+00    0.41478E+03
    0.33610E+00    0.40154E+03
    0.34289E+00    0.38928E+03
    0.34982E+00    0.37811E+03
    0.35689E+00    0.36786E+03
    0.36409E+00    0.35810E+03
    0.37145E+00    0.34842E+03
    0.37895E+00    0.33864E+03
    0.38661E+00    0.32879E+03
    0.39442E+00    0.31911E+03
    0.40239E+00    0.30986E+03
    0.41052E+00    0.30118E+03
    0.41881E+00    0.29305E+03
    0.42727E+00    0.28528E+03
    0.43590E+00    0.27767E+03
    0.44471E+00    0.27015E+03
    0.45369E+00    0.26274E+03
    0.46286E+00    0.25556E+03
    0.47221E+00    0.24870E+03
    0.48174E+00    0.24216E+03
    0.49148E+00    0.23588E+03
    0.50141E+00    0.22977E+03
    0.51153E+00    0.22379E+03
    0.52187E+00    0.21796E+03
    0.53241E+00    0.21233E+03
    0.54317E+00    0.20691E+03
    0.55414E+00    0.20168E+03
    0.56533E+00    0.19660E+03
    0.57675E+00    0.19168E+03
    0.58840E+00    0.18690E+03
    0.60029E+00    0.18226E+03
    0.61242E+00    0.17777E+03
    0.62479E+00    0.17341E+03
    0.63741E+00    0.16918E+03
    0.65029E+00    0.16508E+03
    0.66342E+00    0.16109E+03
    0.67683E+00    0.15723E+03
    0.69050E+00    0.15347E+03
    0.70445E+00    0.14982E+03
    0.71868E+00    0.14627E+03
    0.73320E+00    0.14282E+03
    0.74801E+00    0.13947E+03
    0.76312E+00    0.13620E+03
    0.77854E+00    0.13303E+03
    0.79426E+00    0.12994E+03
    0.81031E+00    0.12693E+03
    0.82668E+00    0.12400E+03
    0.84338E+00    0.12114E+03
    0.86041E+00    0.11836E+03
    0.87780E+00    0.11564E+03
    0.89553E+00    0.11300E+03
    0.91362E+00    0.11042E+03
    0.93208E+00    0.10790E+03
    0.95091E+00    0.10545E+03
    0.97011E+00    0.10305E+03
    0.98971E+00    0.10071E+03
    0.10097E+01    0.98418E+02
    0.10301E+01    0.96184E+02
    0.10509E+01    0.94000E+02
    0.10721E+01    0.91865E+02
    0.10938E+01    0.89778E+02
    0.11159E+01    0.87736E+02
    0.11384E+01    0.85739E+02
    0.11614E+01    0.83785E+02
    0.11849E+01    0.81873E+02
    0.12088E+01    0.80001E+02
    0.12333E+01    0.78169E+02
    0.12582E+01    0.76374E+02
    0.12836E+01    0.74617E+02
    0.13095E+01    0.72895E+02
    0.13360E+01    0.71208E+02
    0.13630E+01    0.69555E+02
    0.13905E+01    0.67935E+02
    0.14186E+01    0.66348E+02
    0.14472E+01    0.64791E+02
    0.14765E+01    0.63266E+02
    0.15063E+01    0.61770E+02
    0.15367E+01    0.60303E+02
    0.15678E+01    0.58865E+02
    0.15994E+01    0.57455E+02
    0.16318E+01    0.56071E+02
    0.16647E+01    0.54715E+02
    0.16984E+01    0.53384E+02
    0.17327E+01    0.52079E+02
    0.17677E+01    0.50799E+02
    0.18034E+01    0.49543E+02
    0.18398E+01    0.48312E+02
    0.18770E+01    0.47104E+02
    0.19149E+01    0.45920E+02
    0.19536E+01    0.44758E+02
    0.19930E+01    0.43619E+02
    0.20333E+01    0.42502E+02
    0.20744E+01    0.41406E+02
    0.21163E+01    0.40332E+02
    0.21590E+01    0.39279E+02
    0.22026E+01    0.38247E+02
    0.22471E+01    0.37235E+02
    0.22925E+01    0.36243E+02
    0.23388E+01    0.35272E+02
    0.23861E+01    0.34319E+02
    0.24343E+01    0.33386E+02
    0.24835E+01    0.32472E+02
    0.25336E+01    0.31577E+02
    0.25848E+01    0.30700E+02
    0.26370E+01    0.29842E+02
    0.26903E+01    0.29001E+02
    0.27447E+01    0.28179E+02
    0.28001E+01    0.27374E+02
    0.28567E+01    0.26586E+02
    0.29144E+01    0.25815E+02
    0.29733E+01    0.25061E+02
    0.30333E+01    0.24324E+02
    0.30946E+01    0.23604E+02
    0.31571E+01    0.22899E+02
    0.32209E+01    0.22211E+02
    0.32860E+01    0.21538E+02
    0.33523E+01    0.20881E+02
    0.34201E+01    0.20240E+02
    0.34892E+01    0.19613E+02
    0.35596E+01    0.19002E+02
    0.36316E+01    0.18405E+02
    0.37049E+01    0.17823E+02
    0.37798E+01    0.17255E+02
    0.38561E+01    0.16701E+02
    0.39340E+01    0.16162E+02
    0.40135E+01    0.15636E+02
    0.40946E+01    0.15123E+02
    0.41773E+01    0.14624E+02
    0.42617E+01    0.14138E+02
    0.43478E+01    0.13665E+02
    0.44356E+01    0.13205E+02
    0.45252E+01    0.12757E+02
    0.46166E+01    0.12322E+02
    0.47099E+01    0.11898E+02
    0.48050E+01    0.11487E+02
    0.49021E+01    0.11087E+02
    0.50011E+01    0.10698E+02
    0.51021E+01    0.10321E+02
    0.52052E+01    0.99553E+01
    0.53104E+01    0.96001E+01
    0.54176E+01    0.92555E+01
    0.55271E+01    0.89213E+01
    0.56387E+01    0.85973E+01
    0.57526E+01    0.82833E+01
    0.58689E+01    0.79790E+01
    0.59874E+01    0.76843E+01
    0.61084E+01    0.73990E+01
    0.62318E+01    0.71228E+01
    0.63577E+01    0.68555E+01
    0.64861E+01    0.65969E+01
    0.66171E+01    0.63469E+01
    0.67508E+01    0.61051E+01
    0.68872E+01    0.58714E+01
    0.70263E+01    0.56456E+01
    0.71682E+01    0.54274E+01
    0.73130E+01    0.52167E+01
    0.74608E+01    0.50133E+01
    0.76115E+01    0.48170E+01
    0.77653E+01    0.46276E+01
    0.79221E+01    0.44448E+01
    0.80822E+01    0.42685E+01
    0.82454E+01    0.40986E+01
    0.84120E+01    0.39347E+01
    0.85819E+01    0.37769E+01
    0.87553E+01    0.36247E+01
    0.89322E+01    0.34782E+01
    0.91126E+01    0.33371E+01
    0.92967E+01    0.32012E+01
    0.94845E+01    0.30704E+01
    0.96761E+01    0.29445E+01
    0.98716E+01    0.28234E+01
    0.10071E+02    0.27069E+01
    0.10274E+02    0.25949E+01
    0.10482E+02    0.24871E+01
    0.10694E+02    0.23835E+01
    0.10910E+02    0.22840E+01
    0.11130E+02    0.21883E+01
    0.11355E+02    0.20964E+01
    0.11584E+02    0.20081E+01
    0.11818E+02    0.19233E+01
    0.12057E+02    0.18418E+01
    0.12301E+02    0.17636E+01
    0.12549E+02    0.16886E+01
    0.12803E+02    0.16166E+01
    0.13061E+02    0.15474E+01
    0.13325E+02    0.14811E+01
    0.13594E+02    0.14175E+01
    0.13869E+02    0.13564E+01
    0.14149E+02    0.12979E+01
    0.14435E+02    0.12418E+01
    0.14727E+02    0.11880E+01
    0.15024E+02    0.11364E+01
    0.15328E+02    0.10870E+01
    0.15637E+02    0.10396E+01
    0.15953E+02    0.99426E+00
    0.16275E+02    0.95077E+00
    0.16604E+02    0.90912E+00
    0.16940E+02    0.86922E+00
    0.17282E+02    0.83101E+00
    0.17631E+02    0.79442E+00
    0.17987E+02    0.75938E+00
    0.18351E+02    0.72584E+00
    0.18721E+02    0.69373E+00
    0.19099E+02    0.66300E+00
    0.19485E+02    0.63359E+00
    0.19879E+02    0.60544E+00
    0.20280E+02    0.57851E+00
    0.20690E+02    0.55274E+00
    0.21108E+02    0.52808E+00
    0.21535E+02    0.50450E+00
    0.21970E+02    0.48194E+00
    0.22413E+02    0.46037E+00
    0.22866E+02    0.43974E+00
    0.23328E+02    0.42001E+00
    0.23799E+02    0.40114E+00
    0.24280E+02    0.38311E+00
    0.24771E+02    0.36586E+00
    0.25271E+02    0.34938E+00
    0.25782E+02    0.33362E+00
    0.26302E+02    0.31856E+00
    0.26834E+02    0.30417E+00
    0.27376E+02    0.29041E+00
    0.27929E+02    0.27726E+00
    0.28493E+02    0.26470E+00
    0.29069E+02    0.25270E+00
    0.29656E+02    0.24123E+00
    0.30255E+02    0.23028E+00
    0.30866E+02    0.21981E+00
    0.31490E+02    0.20981E+00
    0.32126E+02    0.20026E+00
    0.32775E+02    0.19114E+00
    0.33437E+02    0.18243E+00
    0.34112E+02    0.17411E+00
    0.34801E+02    0.16616E+00
    0.35504E+02    0.15857E+00
    0.36222E+02    0.15132E+00
    0.36953E+02    0.14440E+00
    0.37700E+02    0.13780E+00
    0.38462E+02    0.13149E+00
    0.39239E+02    0.12547E+00
    0.40031E+02    0.11972E+00
    0.40840E+02    0.11423E+00
    0.41665E+02    0.10899E+00
    0.42507E+02    0.10398E+00
    0.43365E+02    0.99209E-01
    0.44241E+02    0.94651E-01
    0.45135E+02    0.90300E-01
    0.46047E+02    0.86147E-01
    0.46977E+02    0.82183E-01
    0.47926E+02    0.78400E-01
    0.48894E+02    0.74789E-01
    0.49882E+02    0.71343E-01
    0.50890E+02    0.68055E-01
    0.51918E+02    0.64916E-01
    0.52966E+02    0.61922E-01
    0.54036E+02    0.59065E-01
    0.55128E+02    0.56339E-01
    0.56242E+02    0.53739E-01
    0.57378E+02    0.51258E-01
    0.58537E+02    0.48891E-01
