    0.10000E-03    0.11757E+03
    0.10202E-03    0.11985E+03
    0.10408E-03    0.12217E+03
    0.10618E-03    0.12454E+03
    0.10833E-03    0.12695E+03
    0.11052E-03    0.12941E+03
    0.11275E-03    0.13192E+03
    0.11503E-03    0.13447E+03
    0.11735E-03    0.13708E+03
    0.11972E-03    0.13973E+03
    0.12214E-03    0.14244E+03
    0.12461E-03    0.14520E+03
    0.12712E-03    0.14801E+03
    0.12969E-03    0.15088E+03
    0.13231E-03    0.15380E+03
    0.13499E-03    0.15678E+03
    0.13771E-03    0.15981E+03
    0.14049E-03    0.16291E+03
    0.14333E-03    0.16606E+03
    0.14623E-03    0.16928E+03
    0.14918E-03    0.17256E+03
    0.15220E-03    0.17590E+03
    0.15527E-03    0.17931E+03
    0.15841E-03    0.18278E+03
    0.16161E-03    0.18632E+03
    0.16487E-03    0.18992E+03
    0.16820E-03    0.19360E+03
    0.17160E-03    0.19735E+03
    0.17507E-03    0.20117E+03
    0.17860E-03    0.20506E+03
    0.18221E-03    0.20903E+03
    0.18589E-03    0.21307E+03
    0.18965E-03    0.21720E+03
    0.19348E-03    0.22140E+03
    0.19739E-03    0.22568E+03
    0.20138E-03    0.23005E+03
    0.20544E-03    0.23450E+03
    0.20959E-03    0.23903E+03
    0.21383E-03    0.24366E+03
    0.21815E-03    0.24837E+03
    0.22255E-03    0.25317E+03
    0.22705E-03    0.25807E+03
    0.23164E-03    0.26306E+03
    0.23632E-03    0.26814E+03
    0.24109E-03    0.27333E+03
    0.24596E-03    0.27861E+03
    0.25093E-03    0.28399E+03
    0.25600E-03    0.28948E+03
    0.26117E-03    0.29507E+03
    0.26645E-03    0.30077E+03
    0.27183E-03    0.30658E+03
    0.27732E-03    0.31250E+03
    0.28292E-03    0.31854E+03
    0.28864E-03    0.32469E+03
    0.29447E-03    0.33096E+03
    0.30042E-03    0.33734E+03
    0.30649E-03    0.34385E+03
    0.31268E-03    0.35049E+03
    0.31899E-03    0.35725E+03
    0.32544E-03    0.36414E+03
    0.33201E-03    0.37116E+03
    0.33872E-03    0.37831E+03
    0.34556E-03    0.38560E+03
    0.35254E-03    0.39303E+03
    0.35966E-03    0.40060E+03
    0.36693E-03    0.40832E+03
    0.37434E-03    0.41618E+03
    0.38190E-03    0.42419E+03
    0.38962E-03    0.43236E+03
    0.39749E-03    0.44067E+03
    0.40552E-03    0.44915E+03
    0.41371E-03    0.45778E+03
    0.42207E-03    0.46658E+03
    0.43060E-03    0.47555E+03
    0.43929E-03    0.48468E+03
    0.44817E-03    0.49399E+03
    0.45722E-03    0.50347E+03
    0.46646E-03    0.51313E+03
    0.47588E-03    0.52297E+03
    0.48550E-03    0.53300E+03
    0.49530E-03    0.54321E+03
    0.50531E-03    0.55361E+03
    0.51552E-03    0.56421E+03
    0.52593E-03    0.57501E+03
    0.53656E-03    0.58601E+03
    0.54739E-03    0.59721E+03
    0.55845E-03    0.60862E+03
    0.56973E-03    0.62025E+03
    0.58124E-03    0.63209E+03
    0.59299E-03    0.64414E+03
    0.60496E-03    0.65642E+03
    0.61719E-03    0.66893E+03
    0.62965E-03    0.68167E+03
    0.64237E-03    0.69464E+03
    0.65535E-03    0.70785E+03
    0.66859E-03    0.72130E+03
    0.68210E-03    0.73499E+03
    0.69588E-03    0.74894E+03
    0.70993E-03    0.76314E+03
    0.72427E-03    0.77760E+03
    0.73891E-03    0.79232E+03
    0.75383E-03    0.80730E+03
    0.76906E-03    0.82256E+03
    0.78460E-03    0.83809E+03
    0.80045E-03    0.85390E+03
    0.81662E-03    0.86999E+03
    0.83311E-03    0.88637E+03
    0.84994E-03    0.90304E+03
    0.86711E-03    0.92000E+03
    0.88463E-03    0.93727E+03
    0.90250E-03    0.95484E+03
    0.92073E-03    0.97273E+03
    0.93933E-03    0.99092E+03
    0.95831E-03    0.10094E+04
    0.97767E-03    0.10283E+04
    0.99742E-03    0.10474E+04
    0.10176E-02    0.10669E+04
    0.10381E-02    0.10868E+04
    0.10591E-02    0.11069E+04
    0.10805E-02    0.11275E+04
    0.11023E-02    0.11483E+04
    0.11246E-02    0.11696E+04
    0.11473E-02    0.11912E+04
    0.11705E-02    0.12131E+04
    0.11941E-02    0.12354E+04
    0.12182E-02    0.12581E+04
    0.12429E-02    0.12812E+04
    0.12680E-02    0.13047E+04
    0.12936E-02    0.13285E+04
    0.13197E-02    0.13528E+04
    0.13464E-02    0.13774E+04
    0.13736E-02    0.14024E+04
    0.14013E-02    0.14279E+04
    0.14296E-02    0.14538E+04
    0.14585E-02    0.14800E+04
    0.14880E-02    0.15067E+04
    0.15180E-02    0.15338E+04
    0.15487E-02    0.15614E+04
    0.15800E-02    0.15894E+04
    0.16119E-02    0.16178E+04
    0.16445E-02    0.16467E+04
    0.16777E-02    0.16760E+04
    0.17116E-02    0.17057E+04
    0.17462E-02    0.17359E+04
    0.17814E-02    0.17666E+04
    0.18174E-02    0.17977E+04
    0.18541E-02    0.18293E+04
    0.18916E-02    0.18613E+04
    0.19298E-02    0.18939E+04
    0.19688E-02    0.19269E+04
    0.20086E-02    0.19603E+04
    0.20491E-02    0.19943E+04
    0.20905E-02    0.20287E+04
    0.21328E-02    0.20636E+04
    0.21758E-02    0.20990E+04
    0.22198E-02    0.21348E+04
    0.22646E-02    0.21712E+04
    0.23104E-02    0.22080E+04
    0.23571E-02    0.22454E+04
    0.24047E-02    0.22832E+04
    0.24533E-02    0.23215E+04
    0.25028E-02    0.23603E+04
    0.25534E-02    0.23996E+04
    0.26050E-02    0.24394E+04
    0.26576E-02    0.24796E+04
    0.27113E-02    0.25204E+04
    0.27660E-02    0.25616E+04
    0.28219E-02    0.26033E+04
    0.28789E-02    0.26455E+04
    0.29371E-02    0.26882E+04
    0.29964E-02    0.27314E+04
    0.30569E-02    0.27750E+04
    0.31187E-02    0.28191E+04
    0.31817E-02    0.28637E+04
    0.32460E-02    0.29087E+04
    0.33115E-02    0.29542E+04
    0.33784E-02    0.30001E+04
    0.34467E-02    0.30465E+04
    0.35163E-02    0.30933E+04
    0.35874E-02    0.31405E+04
    0.36598E-02    0.31881E+04
    0.37338E-02    0.32362E+04
    0.38092E-02    0.32846E+04
    0.38861E-02    0.33335E+04
    0.39646E-02    0.33827E+04
    0.40447E-02    0.34322E+04
    0.41264E-02    0.34822E+04
    0.42098E-02    0.35326E+04
    0.42948E-02    0.35833E+04
    0.43816E-02    0.36343E+04
    0.44701E-02    0.36856E+04
    0.45604E-02    0.37371E+04
    0.46525E-02    0.37886E+04
    0.47465E-02    0.38402E+04
    0.48424E-02    0.38919E+04
    0.49402E-02    0.39438E+04
    0.50400E-02    0.39959E+04
    0.51419E-02    0.40484E+04
    0.52457E-02    0.41012E+04
    0.53517E-02    0.41542E+04
    0.54598E-02    0.42075E+04
    0.55701E-02    0.42608E+04
    0.56826E-02    0.43142E+04
    0.57974E-02    0.43676E+04
    0.59145E-02    0.44209E+04
    0.60340E-02    0.44742E+04
    0.61559E-02    0.45274E+04
    0.62803E-02    0.45805E+04
    0.64072E-02    0.46335E+04
    0.65366E-02    0.46864E+04
    0.66686E-02    0.47391E+04
    0.68033E-02    0.47916E+04
    0.69408E-02    0.48438E+04
    0.70810E-02    0.48956E+04
    0.72240E-02    0.49472E+04
    0.73700E-02    0.49984E+04
    0.75189E-02    0.50491E+04
    0.76708E-02    0.50994E+04
    0.78257E-02    0.51492E+04
    0.79838E-02    0.51984E+04
    0.81451E-02    0.52471E+04
    0.83096E-02    0.52951E+04
    0.84775E-02    0.53423E+04
    0.86488E-02    0.53889E+04
    0.88235E-02    0.54346E+04
    0.90017E-02    0.54795E+04
    0.91836E-02    0.55235E+04
    0.93691E-02    0.55666E+04
    0.95583E-02    0.56086E+04
    0.97514E-02    0.56496E+04
    0.99484E-02    0.56894E+04
    0.10149E-01    0.57280E+04
    0.10354E-01    0.57654E+04
    0.10564E-01    0.58015E+04
    0.10777E-01    0.58362E+04
    0.10995E-01    0.58695E+04
    0.11217E-01    0.59012E+04
    0.11443E-01    0.59313E+04
    0.11675E-01    0.59598E+04
    0.11910E-01    0.59866E+04
    0.12151E-01    0.60117E+04
    0.12397E-01    0.60350E+04
    0.12647E-01    0.60565E+04
    0.12902E-01    0.60761E+04
    0.13163E-01    0.60936E+04
    0.13429E-01    0.61088E+04
    0.13700E-01    0.61215E+04
    0.13977E-01    0.61316E+04
    0.14259E-01    0.61392E+04
    0.14547E-01    0.61448E+04
    0.14841E-01    0.61487E+04
    0.15141E-01    0.61513E+04
    0.15447E-01    0.61529E+04
    0.15759E-01    0.61530E+04
    0.16077E-01    0.61510E+04
    0.16402E-01    0.61460E+04
    0.16734E-01    0.61376E+04
    0.17072E-01    0.61249E+04
    0.17416E-01    0.61082E+04
    0.17768E-01    0.60879E+04
    0.18127E-01    0.60645E+04
    0.18493E-01    0.60385E+04
    0.18867E-01    0.60101E+04
    0.19248E-01    0.59790E+04
    0.19637E-01    0.59449E+04
    0.20034E-01    0.59073E+04
    0.20438E-01    0.58658E+04
    0.20851E-01    0.58202E+04
    0.21272E-01    0.57707E+04
    0.21702E-01    0.57179E+04
    0.22141E-01    0.56623E+04
    0.22588E-01    0.56045E+04
    0.23044E-01    0.55448E+04
    0.23510E-01    0.54833E+04
    0.23985E-01    0.54200E+04
    0.24469E-01    0.53549E+04
    0.24964E-01    0.52880E+04
    0.25468E-01    0.52193E+04
    0.25982E-01    0.51487E+04
    0.26507E-01    0.50761E+04
    0.27043E-01    0.50015E+04
    0.27589E-01    0.49248E+04
    0.28146E-01    0.48461E+04
    0.28715E-01    0.47656E+04
    0.29295E-01    0.46837E+04
    0.29887E-01    0.46005E+04
    0.30490E-01    0.45162E+04
    0.31106E-01    0.44313E+04
    0.31735E-01    0.43460E+04
    0.32376E-01    0.42607E+04
    0.33030E-01    0.41757E+04
    0.33697E-01    0.40912E+04
    0.34378E-01    0.40076E+04
    0.35072E-01    0.39251E+04
    0.35781E-01    0.38438E+04
    0.36504E-01    0.37638E+04
    0.37241E-01    0.36854E+04
    0.37993E-01    0.36087E+04
    0.38761E-01    0.35338E+04
    0.39544E-01    0.34608E+04
    0.40343E-01    0.33898E+04
    0.41158E-01    0.33210E+04
    0.41989E-01    0.32545E+04
    0.42838E-01    0.31905E+04
    0.43703E-01    0.31292E+04
    0.44586E-01    0.30708E+04
    0.45486E-01    0.30156E+04
    0.46405E-01    0.29634E+04
    0.47343E-01    0.29140E+04
    0.48299E-01    0.28672E+04
    0.49275E-01    0.28227E+04
    0.50270E-01    0.27804E+04
    0.51286E-01    0.27400E+04
    0.52322E-01    0.27014E+04
    0.53379E-01    0.26643E+04
    0.54457E-01    0.26286E+04
    0.55557E-01    0.25938E+04
    0.56680E-01    0.25596E+04
    0.57825E-01    0.25256E+04
    0.58993E-01    0.24915E+04
    0.60184E-01    0.24568E+04
    0.61400E-01    0.24215E+04
    0.62641E-01    0.23850E+04
    0.63906E-01    0.23470E+04
    0.65197E-01    0.23067E+04
    0.66514E-01    0.22640E+04
    0.67858E-01    0.22189E+04
    0.69229E-01    0.21723E+04
    0.70627E-01    0.21245E+04
    0.72054E-01    0.20749E+04
    0.73510E-01    0.20222E+04
    0.74994E-01    0.19656E+04
    0.76509E-01    0.19059E+04
    0.78055E-01    0.18444E+04
    0.79632E-01    0.17819E+04
    0.81241E-01    0.17191E+04
    0.82882E-01    0.16562E+04
    0.84556E-01    0.15938E+04
    0.86264E-01    0.15327E+04
    0.88007E-01    0.14735E+04
    0.89785E-01    0.14168E+04
    0.91598E-01    0.13633E+04
    0.93449E-01    0.13134E+04
    0.95337E-01    0.12675E+04
    0.97263E-01    0.12259E+04
    0.99227E-01    0.11886E+04
    0.10123E+00    0.11557E+04
    0.10328E+00    0.11269E+04
    0.10536E+00    0.11019E+04
    0.10749E+00    0.10799E+04
    0.10966E+00    0.10606E+04
    0.11188E+00    0.10430E+04
    0.11414E+00    0.10263E+04
    0.11644E+00    0.10099E+04
    0.11880E+00    0.99269E+03
    0.12120E+00    0.97405E+03
    0.12365E+00    0.95331E+03
    0.12614E+00    0.93004E+03
    0.12869E+00    0.90405E+03
    0.13129E+00    0.87544E+03
    0.13394E+00    0.84454E+03
    0.13665E+00    0.81188E+03
    0.13941E+00    0.77814E+03
    0.14223E+00    0.74411E+03
    0.14510E+00    0.71065E+03
    0.14803E+00    0.67873E+03
    0.15102E+00    0.64920E+03
    0.15407E+00    0.62278E+03
    0.15718E+00    0.59984E+03
    0.16036E+00    0.58043E+03
    0.16360E+00    0.56418E+03
    0.16690E+00    0.55052E+03
    0.17028E+00    0.53873E+03
    0.17371E+00    0.52805E+03
    0.17722E+00    0.51765E+03
    0.18080E+00    0.50667E+03
    0.18446E+00    0.49434E+03
    0.18818E+00    0.48014E+03
    0.19198E+00    0.46402E+03
    0.19586E+00    0.44635E+03
    0.19982E+00    0.42779E+03
    0.20386E+00    0.40910E+03
    0.20797E+00    0.39105E+03
    0.21218E+00    0.37433E+03
    0.21646E+00    0.35948E+03
    0.22083E+00    0.34676E+03
    0.22530E+00    0.33608E+03
    0.22985E+00    0.32701E+03
    0.23449E+00    0.31893E+03
    0.23923E+00    0.31113E+03
    0.24406E+00    0.30295E+03
    0.24899E+00    0.29393E+03
    0.25402E+00    0.28396E+03
    0.25915E+00    0.27326E+03
    0.26439E+00    0.26228E+03
    0.26973E+00    0.25156E+03
    0.27518E+00    0.24159E+03
    0.28074E+00    0.23271E+03
    0.28641E+00    0.22499E+03
    0.29219E+00    0.21822E+03
    0.29810E+00    0.21200E+03
    0.30412E+00    0.20589E+03
    0.31026E+00    0.19956E+03
    0.31653E+00    0.19287E+03
    0.32292E+00    0.18589E+03
    0.32945E+00    0.17891E+03
    0.33610E+00    0.17226E+03
    0.34289E+00    0.16615E+03
    0.34982E+00    0.16061E+03
    0.35689E+00    0.15557E+03
    0.36409E+00    0.15079E+03
    0.37145E+00    0.14605E+03
    0.37895E+00    0.14124E+03
    0.38661E+00    0.13637E+03
    0.39442E+00    0.13158E+03
    0.40239E+00    0.12703E+03
    0.41052E+00    0.12278E+03
    0.41881E+00    0.11883E+03
    0.42727E+00    0.11507E+03
    0.43590E+00    0.11140E+03
    0.44471E+00    0.10776E+03
    0.45369E+00    0.10418E+03
    0.46286E+00    0.10071E+03
    0.47221E+00    0.97420E+02
    0.48174E+00    0.94301E+02
    0.49148E+00    0.91321E+02
    0.50141E+00    0.88426E+02
    0.51153E+00    0.85600E+02
    0.52187E+00    0.82851E+02
    0.53241E+00    0.80210E+02
    0.54317E+00    0.77684E+02
    0.55414E+00    0.75256E+02
    0.56533E+00    0.72909E+02
    0.57675E+00    0.70641E+02
    0.58840E+00    0.68452E+02
    0.60029E+00    0.66340E+02
    0.61242E+00    0.64304E+02
    0.62479E+00    0.62340E+02
    0.63741E+00    0.60446E+02
    0.65029E+00    0.58619E+02
    0.66342E+00    0.56856E+02
    0.67683E+00    0.55155E+02
    0.69050E+00    0.53512E+02
    0.70445E+00    0.51927E+02
    0.71868E+00    0.50397E+02
    0.73320E+00    0.48919E+02
    0.74801E+00    0.47492E+02
    0.76312E+00    0.46114E+02
    0.77854E+00    0.44782E+02
    0.79426E+00    0.43495E+02
    0.81031E+00    0.42252E+02
    0.82668E+00    0.41051E+02
    0.84338E+00    0.39889E+02
    0.86041E+00    0.38766E+02
    0.87780E+00    0.37680E+02
    0.89553E+00    0.36631E+02
    0.91362E+00    0.35615E+02
    0.93208E+00    0.34633E+02
    0.95091E+00    0.33682E+02
    0.97011E+00    0.32762E+02
    0.98971E+00    0.31871E+02
    0.10097E+01    0.31009E+02
    0.10301E+01    0.30173E+02
    0.10509E+01    0.29364E+02
    0.10721E+01    0.28580E+02
    0.10938E+01    0.27820E+02
    0.11159E+01    0.27084E+02
    0.11384E+01    0.26370E+02
    0.11614E+01    0.25677E+02
    0.11849E+01    0.25005E+02
    0.12088E+01    0.24353E+02
    0.12333E+01    0.23720E+02
    0.12582E+01    0.23106E+02
    0.12836E+01    0.22509E+02
    0.13095E+01    0.21930E+02
    0.13360E+01    0.21367E+02
    0.13630E+01    0.20820E+02
    0.13905E+01    0.20288E+02
    0.14186E+01    0.19771E+02
    0.14472E+01    0.19269E+02
    0.14765E+01    0.18780E+02
    0.15063E+01    0.18305E+02
    0.15367E+01    0.17842E+02
    0.15678E+01    0.17391E+02
    0.15994E+01    0.16953E+02
    0.16318E+01    0.16526E+02
    0.16647E+01    0.16110E+02
    0.16984E+01    0.15705E+02
    0.17327E+01    0.15310E+02
    0.17677E+01    0.14925E+02
    0.18034E+01    0.14550E+02
    0.18398E+01    0.14184E+02
    0.18770E+01    0.13827E+02
    0.19149E+01    0.13479E+02
    0.19536E+01    0.13140E+02
    0.19930E+01    0.12809E+02
    0.20333E+01    0.12486E+02
    0.20744E+01    0.12170E+02
    0.21163E+01    0.11863E+02
    0.21590E+01    0.11562E+02
    0.22026E+01    0.11268E+02
    0.22471E+01    0.10982E+02
    0.22925E+01    0.10702E+02
    0.23388E+01    0.10428E+02
    0.23861E+01    0.10161E+02
    0.24343E+01    0.99001E+01
    0.24835E+01    0.96450E+01
    0.25336E+01    0.93957E+01
    0.25848E+01    0.91521E+01
    0.26370E+01    0.89140E+01
    0.26903E+01    0.86813E+01
    0.27447E+01    0.84538E+01
    0.28001E+01    0.82314E+01
    0.28567E+01    0.80140E+01
    0.29144E+01    0.78015E+01
    0.29733E+01    0.75938E+01
    0.30333E+01    0.73907E+01
    0.30946E+01    0.71921E+01
    0.31571E+01    0.69980E+01
    0.32209E+01    0.68082E+01
    0.32860E+01    0.66227E+01
    0.33523E+01    0.64414E+01
    0.34201E+01    0.62641E+01
    0.34892E+01    0.60908E+01
    0.35596E+01    0.59215E+01
    0.36316E+01    0.57559E+01
    0.37049E+01    0.55942E+01
    0.37798E+01    0.54361E+01
    0.38561E+01    0.52816E+01
    0.39340E+01    0.51307E+01
    0.40135E+01    0.49832E+01
    0.40946E+01    0.48392E+01
    0.41773E+01    0.46985E+01
    0.42617E+01    0.45612E+01
    0.43478E+01    0.44270E+01
    0.44356E+01    0.42960E+01
    0.45252E+01    0.41682E+01
    0.46166E+01    0.40434E+01
    0.47099E+01    0.39215E+01
    0.48050E+01    0.38027E+01
    0.49021E+01    0.36867E+01
    0.50011E+01    0.35736E+01
    0.51021E+01    0.34633E+01
    0.52052E+01    0.33558E+01
    0.53104E+01    0.32509E+01
    0.54176E+01    0.31487E+01
    0.55271E+01    0.30491E+01
    0.56387E+01    0.29520E+01
    0.57526E+01    0.28574E+01
    0.58689E+01    0.27653E+01
    0.59874E+01    0.26756E+01
    0.61084E+01    0.25883E+01
    0.62318E+01    0.25034E+01
    0.63577E+01    0.24207E+01
    0.64861E+01    0.23402E+01
    0.66171E+01    0.22619E+01
    0.67508E+01    0.21858E+01
    0.68872E+01    0.21118E+01
    0.70263E+01    0.20399E+01
    0.71682E+01    0.19700E+01
    0.73130E+01    0.19021E+01
    0.74608E+01    0.18361E+01
    0.76115E+01    0.17721E+01
    0.77653E+01    0.17099E+01
    0.79221E+01    0.16495E+01
    0.80822E+01    0.15909E+01
    0.82454E+01    0.15341E+01
    0.84120E+01    0.14790E+01
    0.85819E+01    0.14256E+01
    0.87553E+01    0.13738E+01
    0.89322E+01    0.13236E+01
    0.91126E+01    0.12750E+01
    0.92967E+01    0.12279E+01
    0.94845E+01    0.11823E+01
    0.96761E+01    0.11381E+01
    0.98716E+01    0.10954E+01
    0.10071E+02    0.10540E+01
    0.10274E+02    0.10140E+01
    0.10482E+02    0.97538E+00
    0.10694E+02    0.93800E+00
    0.10910E+02    0.90187E+00
    0.11130E+02    0.86696E+00
    0.11355E+02    0.83324E+00
    0.11584E+02    0.80068E+00
    0.11818E+02    0.76924E+00
    0.12057E+02    0.73890E+00
    0.12301E+02    0.70962E+00
    0.12549E+02    0.68138E+00
    0.12803E+02    0.65415E+00
    0.13061E+02    0.62789E+00
    0.13325E+02    0.60257E+00
    0.13594E+02    0.57818E+00
    0.13869E+02    0.55468E+00
    0.14149E+02    0.53205E+00
    0.14435E+02    0.51026E+00
    0.14727E+02    0.48928E+00
    0.15024E+02    0.46908E+00
    0.15328E+02    0.44965E+00
    0.15637E+02    0.43096E+00
    0.15953E+02    0.41298E+00
    0.16275E+02    0.39569E+00
    0.16604E+02    0.37907E+00
    0.16940E+02    0.36310E+00
    0.17282E+02    0.34775E+00
    0.17631E+02    0.33300E+00
    0.17987E+02    0.31884E+00
    0.18351E+02    0.30524E+00
    0.18721E+02    0.29218E+00
    0.19099E+02    0.27964E+00
    0.19485E+02    0.26761E+00
    0.19879E+02    0.25606E+00
    0.20280E+02    0.24498E+00
    0.20690E+02    0.23435E+00
    0.21108E+02    0.22416E+00
    0.21535E+02    0.21439E+00
    0.21970E+02    0.20502E+00
    0.22413E+02    0.19604E+00
    0.22866E+02    0.18743E+00
    0.23328E+02    0.17919E+00
    0.23799E+02    0.17128E+00
    0.24280E+02    0.16371E+00
    0.24771E+02    0.15646E+00
    0.25271E+02    0.14952E+00
    0.25782E+02    0.14287E+00
    0.26302E+02    0.13651E+00
    0.26834E+02    0.13041E+00
    0.27376E+02    0.12458E+00
    0.27929E+02    0.11900E+00
    0.28493E+02    0.11366E+00
    0.29069E+02    0.10855E+00
    0.29656E+02    0.10366E+00
    0.30255E+02    0.98985E-01
    0.30866E+02    0.94513E-01
    0.31490E+02    0.90237E-01
    0.32126E+02    0.86148E-01
    0.32775E+02    0.82238E-01
    0.33437E+02    0.78501E-01
    0.34112E+02    0.74928E-01
    0.34801E+02    0.71514E-01
    0.35504E+02    0.68251E-01
    0.36222E+02    0.65132E-01
    0.36953E+02    0.62153E-01
    0.37700E+02    0.59306E-01
    0.38462E+02    0.56587E-01
    0.39239E+02    0.53990E-01
    0.40031E+02    0.51509E-01
    0.40840E+02    0.49139E-01
    0.41665E+02    0.46876E-01
    0.42507E+02    0.44716E-01
    0.43365E+02    0.42652E-01
    0.44241E+02    0.40682E-01
    0.45135E+02    0.38801E-01
    0.46047E+02    0.37005E-01
    0.46977E+02    0.35290E-01
    0.47926E+02    0.33654E-01
    0.48894E+02    0.32091E-01
    0.49882E+02    0.30600E-01
    0.50890E+02    0.29177E-01
    0.51918E+02    0.27818E-01
    0.52966E+02    0.26523E-01
    0.54036E+02    0.25287E-01
    0.55128E+02    0.24108E-01
    0.56242E+02    0.22983E-01
    0.57378E+02    0.21911E-01
    0.58537E+02    0.20889E-01
