    0.10000E-03    0.13779E+03
    0.10202E-03    0.14046E+03
    0.10408E-03    0.14318E+03
    0.10618E-03    0.14595E+03
    0.10833E-03    0.14878E+03
    0.11052E-03    0.15166E+03
    0.11275E-03    0.15460E+03
    0.11503E-03    0.15759E+03
    0.11735E-03    0.16065E+03
    0.11972E-03    0.16376E+03
    0.12214E-03    0.16693E+03
    0.12461E-03    0.17016E+03
    0.12712E-03    0.17346E+03
    0.12969E-03    0.17682E+03
    0.13231E-03    0.18025E+03
    0.13499E-03    0.18374E+03
    0.13771E-03    0.18729E+03
    0.14049E-03    0.19092E+03
    0.14333E-03    0.19462E+03
    0.14623E-03    0.19839E+03
    0.14918E-03    0.20223E+03
    0.15220E-03    0.20614E+03
    0.15527E-03    0.21014E+03
    0.15841E-03    0.21420E+03
    0.16161E-03    0.21835E+03
    0.16487E-03    0.22258E+03
    0.16820E-03    0.22689E+03
    0.17160E-03    0.23128E+03
    0.17507E-03    0.23575E+03
    0.17860E-03    0.24032E+03
    0.18221E-03    0.24497E+03
    0.18589E-03    0.24971E+03
    0.18965E-03    0.25454E+03
    0.19348E-03    0.25947E+03
    0.19739E-03    0.26449E+03
    0.20138E-03    0.26960E+03
    0.20544E-03    0.27482E+03
    0.20959E-03    0.28013E+03
    0.21383E-03    0.28555E+03
    0.21815E-03    0.29107E+03
    0.22255E-03    0.29670E+03
    0.22705E-03    0.30244E+03
    0.23164E-03    0.30829E+03
    0.23632E-03    0.31424E+03
    0.24109E-03    0.32032E+03
    0.24596E-03    0.32651E+03
    0.25093E-03    0.33282E+03
    0.25600E-03    0.33925E+03
    0.26117E-03    0.34580E+03
    0.26645E-03    0.35248E+03
    0.27183E-03    0.35929E+03
    0.27732E-03    0.36623E+03
    0.28292E-03    0.37330E+03
    0.28864E-03    0.38051E+03
    0.29447E-03    0.38785E+03
    0.30042E-03    0.39533E+03
    0.30649E-03    0.40296E+03
    0.31268E-03    0.41074E+03
    0.31899E-03    0.41866E+03
    0.32544E-03    0.42673E+03
    0.33201E-03    0.43496E+03
    0.33872E-03    0.44334E+03
    0.34556E-03    0.45189E+03
    0.35254E-03    0.46059E+03
    0.35966E-03    0.46946E+03
    0.36693E-03    0.47850E+03
    0.37434E-03    0.48772E+03
    0.38190E-03    0.49710E+03
    0.38962E-03    0.50667E+03
    0.39749E-03    0.51642E+03
    0.40552E-03    0.52635E+03
    0.41371E-03    0.53646E+03
    0.42207E-03    0.54677E+03
    0.43060E-03    0.55728E+03
    0.43929E-03    0.56798E+03
    0.44817E-03    0.57888E+03
    0.45722E-03    0.58999E+03
    0.46646E-03    0.60131E+03
    0.47588E-03    0.61284E+03
    0.48550E-03    0.62459E+03
    0.49530E-03    0.63656E+03
    0.50531E-03    0.64875E+03
    0.51552E-03    0.66116E+03
    0.52593E-03    0.67381E+03
    0.53656E-03    0.68670E+03
    0.54739E-03    0.69983E+03
    0.55845E-03    0.71320E+03
    0.56973E-03    0.72681E+03
    0.58124E-03    0.74068E+03
    0.59299E-03    0.75481E+03
    0.60496E-03    0.76920E+03
    0.61719E-03    0.78385E+03
    0.62965E-03    0.79877E+03
    0.64237E-03    0.81397E+03
    0.65535E-03    0.82944E+03
    0.66859E-03    0.84520E+03
    0.68210E-03    0.86124E+03
    0.69588E-03    0.87758E+03
    0.70993E-03    0.89421E+03
    0.72427E-03    0.91115E+03
    0.73891E-03    0.92839E+03
    0.75383E-03    0.94595E+03
    0.76906E-03    0.96382E+03
    0.78460E-03    0.98201E+03
    0.80045E-03    0.10005E+04
    0.81662E-03    0.10194E+04
    0.83311E-03    0.10386E+04
    0.84994E-03    0.10581E+04
    0.86711E-03    0.10780E+04
    0.88463E-03    0.10982E+04
    0.90250E-03    0.11188E+04
    0.92073E-03    0.11397E+04
    0.93933E-03    0.11610E+04
    0.95831E-03    0.11827E+04
    0.97767E-03    0.12048E+04
    0.99742E-03    0.12272E+04
    0.10176E-02    0.12501E+04
    0.10381E-02    0.12733E+04
    0.10591E-02    0.12970E+04
    0.10805E-02    0.13210E+04
    0.11023E-02    0.13454E+04
    0.11246E-02    0.13703E+04
    0.11473E-02    0.13956E+04
    0.11705E-02    0.14213E+04
    0.11941E-02    0.14475E+04
    0.12182E-02    0.14741E+04
    0.12429E-02    0.15011E+04
    0.12680E-02    0.15286E+04
    0.12936E-02    0.15565E+04
    0.13197E-02    0.15849E+04
    0.13464E-02    0.16138E+04
    0.13736E-02    0.16431E+04
    0.14013E-02    0.16729E+04
    0.14296E-02    0.17032E+04
    0.14585E-02    0.17340E+04
    0.14880E-02    0.17653E+04
    0.15180E-02    0.17971E+04
    0.15487E-02    0.18293E+04
    0.15800E-02    0.18621E+04
    0.16119E-02    0.18954E+04
    0.16445E-02    0.19292E+04
    0.16777E-02    0.19635E+04
    0.17116E-02    0.19984E+04
    0.17462E-02    0.20338E+04
    0.17814E-02    0.20697E+04
    0.18174E-02    0.21062E+04
    0.18541E-02    0.21432E+04
    0.18916E-02    0.21807E+04
    0.19298E-02    0.22188E+04
    0.19688E-02    0.22574E+04
    0.20086E-02    0.22967E+04
    0.20491E-02    0.23364E+04
    0.20905E-02    0.23767E+04
    0.21328E-02    0.24176E+04
    0.21758E-02    0.24591E+04
    0.22198E-02    0.25011E+04
    0.22646E-02    0.25437E+04
    0.23104E-02    0.25868E+04
    0.23571E-02    0.26306E+04
    0.24047E-02    0.26749E+04
    0.24533E-02    0.27198E+04
    0.25028E-02    0.27652E+04
    0.25534E-02    0.28112E+04
    0.26050E-02    0.28578E+04
    0.26576E-02    0.29050E+04
    0.27113E-02    0.29528E+04
    0.27660E-02    0.30011E+04
    0.28219E-02    0.30500E+04
    0.28789E-02    0.30994E+04
    0.29371E-02    0.31494E+04
    0.29964E-02    0.32000E+04
    0.30569E-02    0.32511E+04
    0.31187E-02    0.33027E+04
    0.31817E-02    0.33549E+04
    0.32460E-02    0.34077E+04
    0.33115E-02    0.34610E+04
    0.33784E-02    0.35148E+04
    0.34467E-02    0.35691E+04
    0.35163E-02    0.36239E+04
    0.35874E-02    0.36792E+04
    0.36598E-02    0.37351E+04
    0.37338E-02    0.37914E+04
    0.38092E-02    0.38481E+04
    0.38861E-02    0.39053E+04
    0.39646E-02    0.39629E+04
    0.40447E-02    0.40210E+04
    0.41264E-02    0.40796E+04
    0.42098E-02    0.41386E+04
    0.42948E-02    0.41980E+04
    0.43816E-02    0.42578E+04
    0.44701E-02    0.43179E+04
    0.45604E-02    0.43782E+04
    0.46525E-02    0.44385E+04
    0.47465E-02    0.44989E+04
    0.48424E-02    0.45593E+04
    0.49402E-02    0.46199E+04
    0.50400E-02    0.46809E+04
    0.51419E-02    0.47422E+04
    0.52457E-02    0.48040E+04
    0.53517E-02    0.48661E+04
    0.54598E-02    0.49285E+04
    0.55701E-02    0.49910E+04
    0.56826E-02    0.50535E+04
    0.57974E-02    0.51160E+04
    0.59145E-02    0.51785E+04
    0.60340E-02    0.52409E+04
    0.61559E-02    0.53032E+04
    0.62803E-02    0.53654E+04
    0.64072E-02    0.54275E+04
    0.65366E-02    0.54894E+04
    0.66686E-02    0.55511E+04
    0.68033E-02    0.56125E+04
    0.69408E-02    0.56736E+04
    0.70810E-02    0.57344E+04
    0.72240E-02    0.57947E+04
    0.73700E-02    0.58547E+04
    0.75189E-02    0.59141E+04
    0.76708E-02    0.59730E+04
    0.78257E-02    0.60312E+04
    0.79838E-02    0.60889E+04
    0.81451E-02    0.61458E+04
    0.83096E-02    0.62020E+04
    0.84775E-02    0.62574E+04
    0.86488E-02    0.63119E+04
    0.88235E-02    0.63654E+04
    0.90017E-02    0.64180E+04
    0.91836E-02    0.64695E+04
    0.93691E-02    0.65199E+04
    0.95583E-02    0.65691E+04
    0.97514E-02    0.66170E+04
    0.99484E-02    0.66636E+04
    0.10149E-01    0.67088E+04
    0.10354E-01    0.67526E+04
    0.10564E-01    0.67948E+04
    0.10777E-01    0.68354E+04
    0.10995E-01    0.68743E+04
    0.11217E-01    0.69114E+04
    0.11443E-01    0.69467E+04
    0.11675E-01    0.69800E+04
    0.11910E-01    0.70114E+04
    0.12151E-01    0.70407E+04
    0.12397E-01    0.70680E+04
    0.12647E-01    0.70931E+04
    0.12902E-01    0.71160E+04
    0.13163E-01    0.71365E+04
    0.13429E-01    0.71542E+04
    0.13700E-01    0.71690E+04
    0.13977E-01    0.71807E+04
    0.14259E-01    0.71896E+04
    0.14547E-01    0.71961E+04
    0.14841E-01    0.72006E+04
    0.15141E-01    0.72036E+04
    0.15447E-01    0.72054E+04
    0.15759E-01    0.72055E+04
    0.16077E-01    0.72030E+04
    0.16402E-01    0.71972E+04
    0.16734E-01    0.71872E+04
    0.17072E-01    0.71723E+04
    0.17416E-01    0.71527E+04
    0.17768E-01    0.71289E+04
    0.18127E-01    0.71015E+04
    0.18493E-01    0.70709E+04
    0.18867E-01    0.70375E+04
    0.19248E-01    0.70011E+04
    0.19637E-01    0.69611E+04
    0.20034E-01    0.69170E+04
    0.20438E-01    0.68684E+04
    0.20851E-01    0.68148E+04
    0.21272E-01    0.67568E+04
    0.21702E-01    0.66949E+04
    0.22141E-01    0.66298E+04
    0.22588E-01    0.65620E+04
    0.23044E-01    0.64921E+04
    0.23510E-01    0.64201E+04
    0.23985E-01    0.63459E+04
    0.24469E-01    0.62696E+04
    0.24964E-01    0.61913E+04
    0.25468E-01    0.61107E+04
    0.25982E-01    0.60280E+04
    0.26507E-01    0.59429E+04
    0.27043E-01    0.58555E+04
    0.27589E-01    0.57657E+04
    0.28146E-01    0.56736E+04
    0.28715E-01    0.55793E+04
    0.29295E-01    0.54833E+04
    0.29887E-01    0.53859E+04
    0.30490E-01    0.52873E+04
    0.31106E-01    0.51878E+04
    0.31735E-01    0.50879E+04
    0.32376E-01    0.49880E+04
    0.33030E-01    0.48885E+04
    0.33697E-01    0.47896E+04
    0.34378E-01    0.46918E+04
    0.35072E-01    0.45951E+04
    0.35781E-01    0.45000E+04
    0.36504E-01    0.44064E+04
    0.37241E-01    0.43146E+04
    0.37993E-01    0.42248E+04
    0.38761E-01    0.41371E+04
    0.39544E-01    0.40517E+04
    0.40343E-01    0.39686E+04
    0.41158E-01    0.38881E+04
    0.41989E-01    0.38102E+04
    0.42838E-01    0.37353E+04
    0.43703E-01    0.36635E+04
    0.44586E-01    0.35952E+04
    0.45486E-01    0.35306E+04
    0.46405E-01    0.34695E+04
    0.47343E-01    0.34117E+04
    0.48299E-01    0.33569E+04
    0.49275E-01    0.33048E+04
    0.50270E-01    0.32553E+04
    0.51286E-01    0.32080E+04
    0.52322E-01    0.31627E+04
    0.53379E-01    0.31193E+04
    0.54457E-01    0.30774E+04
    0.55557E-01    0.30367E+04
    0.56680E-01    0.29966E+04
    0.57825E-01    0.29567E+04
    0.58993E-01    0.29167E+04
    0.60184E-01    0.28761E+04
    0.61400E-01    0.28347E+04
    0.62641E-01    0.27919E+04
    0.63906E-01    0.27473E+04
    0.65197E-01    0.27002E+04
    0.66514E-01    0.26502E+04
    0.67858E-01    0.25974E+04
    0.69229E-01    0.25428E+04
    0.70627E-01    0.24869E+04
    0.72054E-01    0.24289E+04
    0.73510E-01    0.23673E+04
    0.74994E-01    0.23011E+04
    0.76509E-01    0.22314E+04
    0.78055E-01    0.21595E+04
    0.79632E-01    0.20866E+04
    0.81241E-01    0.20132E+04
    0.82882E-01    0.19397E+04
    0.84556E-01    0.18669E+04
    0.86264E-01    0.17956E+04
    0.88007E-01    0.17265E+04
    0.89785E-01    0.16604E+04
    0.91598E-01    0.15979E+04
    0.93449E-01    0.15397E+04
    0.95337E-01    0.14861E+04
    0.97263E-01    0.14375E+04
    0.99227E-01    0.13940E+04
    0.10123E+00    0.13555E+04
    0.10328E+00    0.13219E+04
    0.10536E+00    0.12925E+04
    0.10749E+00    0.12669E+04
    0.10966E+00    0.12442E+04
    0.11188E+00    0.12235E+04
    0.11414E+00    0.12040E+04
    0.11644E+00    0.11846E+04
    0.11880E+00    0.11644E+04
    0.12120E+00    0.11426E+04
    0.12365E+00    0.11183E+04
    0.12614E+00    0.10910E+04
    0.12869E+00    0.10607E+04
    0.13129E+00    0.10273E+04
    0.13394E+00    0.99125E+03
    0.13665E+00    0.95319E+03
    0.13941E+00    0.91389E+03
    0.14223E+00    0.87427E+03
    0.14510E+00    0.83533E+03
    0.14803E+00    0.79818E+03
    0.15102E+00    0.76380E+03
    0.15407E+00    0.73303E+03
    0.15718E+00    0.70630E+03
    0.16036E+00    0.68365E+03
    0.16360E+00    0.66466E+03
    0.16690E+00    0.64866E+03
    0.17028E+00    0.63483E+03
    0.17371E+00    0.62228E+03
    0.17722E+00    0.61006E+03
    0.18080E+00    0.59716E+03
    0.18446E+00    0.58271E+03
    0.18818E+00    0.56613E+03
    0.19198E+00    0.54733E+03
    0.19586E+00    0.52675E+03
    0.19982E+00    0.50516E+03
    0.20386E+00    0.48344E+03
    0.20797E+00    0.46246E+03
    0.21218E+00    0.44302E+03
    0.21646E+00    0.42574E+03
    0.22083E+00    0.41091E+03
    0.22530E+00    0.39843E+03
    0.22985E+00    0.38781E+03
    0.23449E+00    0.37833E+03
    0.23923E+00    0.36918E+03
    0.24406E+00    0.35959E+03
    0.24899E+00    0.34905E+03
    0.25402E+00    0.33742E+03
    0.25915E+00    0.32496E+03
    0.26439E+00    0.31219E+03
    0.26973E+00    0.29972E+03
    0.27518E+00    0.28812E+03
    0.28074E+00    0.27777E+03
    0.28641E+00    0.26876E+03
    0.29219E+00    0.26084E+03
    0.29810E+00    0.25355E+03
    0.30412E+00    0.24639E+03
    0.31026E+00    0.23898E+03
    0.31653E+00    0.23116E+03
    0.32292E+00    0.22302E+03
    0.32945E+00    0.21490E+03
    0.33610E+00    0.20715E+03
    0.34289E+00    0.20000E+03
    0.34982E+00    0.19353E+03
    0.35689E+00    0.18762E+03
    0.36409E+00    0.18202E+03
    0.37145E+00    0.17646E+03
    0.37895E+00    0.17083E+03
    0.38661E+00    0.16514E+03
    0.39442E+00    0.15954E+03
    0.40239E+00    0.15421E+03
    0.41052E+00    0.14924E+03
    0.41881E+00    0.14460E+03
    0.42727E+00    0.14018E+03
    0.43590E+00    0.13587E+03
    0.44471E+00    0.13160E+03
    0.45369E+00    0.12739E+03
    0.46286E+00    0.12332E+03
    0.47221E+00    0.11945E+03
    0.48174E+00    0.11578E+03
    0.49148E+00    0.11226E+03
    0.50141E+00    0.10885E+03
    0.51153E+00    0.10552E+03
    0.52187E+00    0.10228E+03
    0.53241E+00    0.99159E+02
    0.54317E+00    0.96173E+02
    0.55414E+00    0.93301E+02
    0.56533E+00    0.90522E+02
    0.57675E+00    0.87834E+02
    0.58840E+00    0.85238E+02
    0.60029E+00    0.82731E+02
    0.61242E+00    0.80311E+02
    0.62479E+00    0.77975E+02
    0.63741E+00    0.75720E+02
    0.65029E+00    0.73541E+02
    0.66342E+00    0.71437E+02
    0.67683E+00    0.69403E+02
    0.69050E+00    0.67439E+02
    0.70445E+00    0.65540E+02
    0.71868E+00    0.63704E+02
    0.73320E+00    0.61929E+02
    0.74801E+00    0.60212E+02
    0.76312E+00    0.58552E+02
    0.77854E+00    0.56946E+02
    0.79426E+00    0.55391E+02
    0.81031E+00    0.53887E+02
    0.82668E+00    0.52431E+02
    0.84338E+00    0.51021E+02
    0.86041E+00    0.49656E+02
    0.87780E+00    0.48334E+02
    0.89553E+00    0.47053E+02
    0.91362E+00    0.45812E+02
    0.93208E+00    0.44609E+02
    0.95091E+00    0.43443E+02
    0.97011E+00    0.42313E+02
    0.98971E+00    0.41216E+02
    0.10097E+01    0.40153E+02
    0.10301E+01    0.39120E+02
    0.10509E+01    0.38119E+02
    0.10721E+01    0.37146E+02
    0.10938E+01    0.36201E+02
    0.11159E+01    0.35284E+02
    0.11384E+01    0.34393E+02
    0.11614E+01    0.33526E+02
    0.11849E+01    0.32684E+02
    0.12088E+01    0.31865E+02
    0.12333E+01    0.31069E+02
    0.12582E+01    0.30294E+02
    0.12836E+01    0.29541E+02
    0.13095E+01    0.28807E+02
    0.13360E+01    0.28093E+02
    0.13630E+01    0.27397E+02
    0.13905E+01    0.26720E+02
    0.14186E+01    0.26060E+02
    0.14472E+01    0.25417E+02
    0.14765E+01    0.24790E+02
    0.15063E+01    0.24179E+02
    0.15367E+01    0.23583E+02
    0.15678E+01    0.23002E+02
    0.15994E+01    0.22435E+02
    0.16318E+01    0.21882E+02
    0.16647E+01    0.21342E+02
    0.16984E+01    0.20816E+02
    0.17327E+01    0.20301E+02
    0.17677E+01    0.19799E+02
    0.18034E+01    0.19309E+02
    0.18398E+01    0.18830E+02
    0.18770E+01    0.18362E+02
    0.19149E+01    0.17905E+02
    0.19536E+01    0.17458E+02
    0.19930E+01    0.17021E+02
    0.20333E+01    0.16595E+02
    0.20744E+01    0.16178E+02
    0.21163E+01    0.15770E+02
    0.21590E+01    0.15371E+02
    0.22026E+01    0.14981E+02
    0.22471E+01    0.14600E+02
    0.22925E+01    0.14227E+02
    0.23388E+01    0.13862E+02
    0.23861E+01    0.13506E+02
    0.24343E+01    0.13157E+02
    0.24835E+01    0.12816E+02
    0.25336E+01    0.12482E+02
    0.25848E+01    0.12155E+02
    0.26370E+01    0.11836E+02
    0.26903E+01    0.11523E+02
    0.27447E+01    0.11218E+02
    0.28001E+01    0.10919E+02
    0.28567E+01    0.10626E+02
    0.29144E+01    0.10340E+02
    0.29733E+01    0.10060E+02
    0.30333E+01    0.97865E+01
    0.30946E+01    0.95188E+01
    0.31571E+01    0.92570E+01
    0.32209E+01    0.90010E+01
    0.32860E+01    0.87507E+01
    0.33523E+01    0.85059E+01
    0.34201E+01    0.82666E+01
    0.34892E+01    0.80327E+01
    0.35596E+01    0.78041E+01
    0.36316E+01    0.75807E+01
    0.37049E+01    0.73623E+01
    0.37798E+01    0.71490E+01
    0.38561E+01    0.69405E+01
    0.39340E+01    0.67369E+01
    0.40135E+01    0.65381E+01
    0.40946E+01    0.63439E+01
    0.41773E+01    0.61543E+01
    0.42617E+01    0.59693E+01
    0.43478E+01    0.57886E+01
    0.44356E+01    0.56123E+01
    0.45252E+01    0.54403E+01
    0.46166E+01    0.52726E+01
    0.47099E+01    0.51089E+01
    0.48050E+01    0.49493E+01
    0.49021E+01    0.47937E+01
    0.50011E+01    0.46421E+01
    0.51021E+01    0.44943E+01
    0.52052E+01    0.43503E+01
    0.53104E+01    0.42100E+01
    0.54176E+01    0.40734E+01
    0.55271E+01    0.39404E+01
    0.56387E+01    0.38109E+01
    0.57526E+01    0.36849E+01
    0.58689E+01    0.35622E+01
    0.59874E+01    0.34429E+01
    0.61084E+01    0.33269E+01
    0.62318E+01    0.32141E+01
    0.63577E+01    0.31044E+01
    0.64861E+01    0.29978E+01
    0.66171E+01    0.28943E+01
    0.67508E+01    0.27937E+01
    0.68872E+01    0.26960E+01
    0.70263E+01    0.26012E+01
    0.71682E+01    0.25091E+01
    0.73130E+01    0.24198E+01
    0.74608E+01    0.23331E+01
    0.76115E+01    0.22491E+01
    0.77653E+01    0.21676E+01
    0.79221E+01    0.20887E+01
    0.80822E+01    0.20121E+01
    0.82454E+01    0.19380E+01
    0.84120E+01    0.18662E+01
    0.85819E+01    0.17967E+01
    0.87553E+01    0.17294E+01
    0.89322E+01    0.16643E+01
    0.91126E+01    0.16013E+01
    0.92967E+01    0.15404E+01
    0.94845E+01    0.14815E+01
    0.96761E+01    0.14246E+01
    0.98716E+01    0.13696E+01
    0.10071E+02    0.13164E+01
    0.10274E+02    0.12651E+01
    0.10482E+02    0.12156E+01
    0.10694E+02    0.11677E+01
    0.10910E+02    0.11216E+01
    0.11130E+02    0.10770E+01
    0.11355E+02    0.10341E+01
    0.11584E+02    0.99268E+00
    0.11818E+02    0.95276E+00
    0.12057E+02    0.91429E+00
    0.12301E+02    0.87723E+00
    0.12549E+02    0.84153E+00
    0.12803E+02    0.80715E+00
    0.13061E+02    0.77405E+00
    0.13325E+02    0.74218E+00
    0.13594E+02    0.71152E+00
    0.13869E+02    0.68203E+00
    0.14149E+02    0.65365E+00
    0.14435E+02    0.62637E+00
    0.14727E+02    0.60014E+00
    0.15024E+02    0.57492E+00
    0.15328E+02    0.55069E+00
    0.15637E+02    0.52741E+00
    0.15953E+02    0.50504E+00
    0.16275E+02    0.48356E+00
    0.16604E+02    0.46293E+00
    0.16940E+02    0.44313E+00
    0.17282E+02    0.42412E+00
    0.17631E+02    0.40588E+00
    0.17987E+02    0.38838E+00
    0.18351E+02    0.37158E+00
    0.18721E+02    0.35548E+00
    0.19099E+02    0.34003E+00
    0.19485E+02    0.32522E+00
    0.19879E+02    0.31102E+00
    0.20280E+02    0.29741E+00
    0.20690E+02    0.28437E+00
    0.21108E+02    0.27187E+00
    0.21535E+02    0.25990E+00
    0.21970E+02    0.24843E+00
    0.22413E+02    0.23744E+00
    0.22866E+02    0.22692E+00
    0.23328E+02    0.21685E+00
    0.23799E+02    0.20720E+00
    0.24280E+02    0.19797E+00
    0.24771E+02    0.18913E+00
    0.25271E+02    0.18067E+00
    0.25782E+02    0.17258E+00
    0.26302E+02    0.16484E+00
    0.26834E+02    0.15743E+00
    0.27376E+02    0.15035E+00
    0.27929E+02    0.14357E+00
    0.28493E+02    0.13709E+00
    0.29069E+02    0.13089E+00
    0.29656E+02    0.12497E+00
    0.30255E+02    0.11930E+00
    0.30866E+02    0.11389E+00
    0.31490E+02    0.10871E+00
    0.32126E+02    0.10376E+00
    0.32775E+02    0.99033E-01
    0.33437E+02    0.94515E-01
    0.34112E+02    0.90198E-01
    0.34801E+02    0.86074E-01
    0.35504E+02    0.82134E-01
    0.36222E+02    0.78370E-01
    0.36953E+02    0.74774E-01
    0.37700E+02    0.71341E-01
    0.38462E+02    0.68062E-01
    0.39239E+02    0.64930E-01
    0.40031E+02    0.61940E-01
    0.40840E+02    0.59086E-01
    0.41665E+02    0.56360E-01
    0.42507E+02    0.53758E-01
    0.43365E+02    0.51274E-01
    0.44241E+02    0.48902E-01
    0.45135E+02    0.46639E-01
    0.46047E+02    0.44478E-01
    0.46977E+02    0.42415E-01
    0.47926E+02    0.40447E-01
    0.48894E+02    0.38568E-01
    0.49882E+02    0.36775E-01
    0.50890E+02    0.35065E-01
    0.51918E+02    0.33432E-01
    0.52966E+02    0.31875E-01
    0.54036E+02    0.30390E-01
    0.55128E+02    0.28974E-01
    0.56242E+02    0.27623E-01
    0.57378E+02    0.26334E-01
    0.58537E+02    0.25106E-01
