    0.10000E-03    0.48248E+02
    0.10202E-03    0.49183E+02
    0.10408E-03    0.50136E+02
    0.10618E-03    0.51107E+02
    0.10833E-03    0.52098E+02
    0.11052E-03    0.53107E+02
    0.11275E-03    0.54136E+02
    0.11503E-03    0.55185E+02
    0.11735E-03    0.56254E+02
    0.11972E-03    0.57344E+02
    0.12214E-03    0.58455E+02
    0.12461E-03    0.59587E+02
    0.12712E-03    0.60741E+02
    0.12969E-03    0.61918E+02
    0.13231E-03    0.63117E+02
    0.13499E-03    0.64340E+02
    0.13771E-03    0.65586E+02
    0.14049E-03    0.66856E+02
    0.14333E-03    0.68151E+02
    0.14623E-03    0.69471E+02
    0.14918E-03    0.70816E+02
    0.15220E-03    0.72188E+02
    0.15527E-03    0.73586E+02
    0.15841E-03    0.75010E+02
    0.16161E-03    0.76463E+02
    0.16487E-03    0.77943E+02
    0.16820E-03    0.79452E+02
    0.17160E-03    0.80991E+02
    0.17507E-03    0.82559E+02
    0.17860E-03    0.84157E+02
    0.18221E-03    0.85786E+02
    0.18589E-03    0.87446E+02
    0.18965E-03    0.89139E+02
    0.19348E-03    0.90864E+02
    0.19739E-03    0.92622E+02
    0.20138E-03    0.94414E+02
    0.20544E-03    0.96241E+02
    0.20959E-03    0.98103E+02
    0.21383E-03    0.10000E+03
    0.21815E-03    0.10194E+03
    0.22255E-03    0.10391E+03
    0.22705E-03    0.10592E+03
    0.23164E-03    0.10797E+03
    0.23632E-03    0.11005E+03
    0.24109E-03    0.11218E+03
    0.24596E-03    0.11435E+03
    0.25093E-03    0.11656E+03
    0.25600E-03    0.11881E+03
    0.26117E-03    0.12111E+03
    0.26645E-03    0.12345E+03
    0.27183E-03    0.12584E+03
    0.27732E-03    0.12827E+03
    0.28292E-03    0.13074E+03
    0.28864E-03    0.13327E+03
    0.29447E-03    0.13584E+03
    0.30042E-03    0.13847E+03
    0.30649E-03    0.14114E+03
    0.31268E-03    0.14386E+03
    0.31899E-03    0.14664E+03
    0.32544E-03    0.14947E+03
    0.33201E-03    0.15235E+03
    0.33872E-03    0.15529E+03
    0.34556E-03    0.15829E+03
    0.35254E-03    0.16134E+03
    0.35966E-03    0.16445E+03
    0.36693E-03    0.16762E+03
    0.37434E-03    0.17085E+03
    0.38190E-03    0.17414E+03
    0.38962E-03    0.17749E+03
    0.39749E-03    0.18091E+03
    0.40552E-03    0.18439E+03
    0.41371E-03    0.18794E+03
    0.42207E-03    0.19155E+03
    0.43060E-03    0.19524E+03
    0.43929E-03    0.19899E+03
    0.44817E-03    0.20282E+03
    0.45722E-03    0.20671E+03
    0.46646E-03    0.21068E+03
    0.47588E-03    0.21473E+03
    0.48550E-03    0.21885E+03
    0.49530E-03    0.22304E+03
    0.50531E-03    0.22732E+03
    0.51552E-03    0.23168E+03
    0.52593E-03    0.23612E+03
    0.53656E-03    0.24064E+03
    0.54739E-03    0.24524E+03
    0.55845E-03    0.24994E+03
    0.56973E-03    0.25472E+03
    0.58124E-03    0.25958E+03
    0.59299E-03    0.26454E+03
    0.60496E-03    0.26959E+03
    0.61719E-03    0.27474E+03
    0.62965E-03    0.27998E+03
    0.64237E-03    0.28531E+03
    0.65535E-03    0.29074E+03
    0.66859E-03    0.29628E+03
    0.68210E-03    0.30191E+03
    0.69588E-03    0.30765E+03
    0.70993E-03    0.31349E+03
    0.72427E-03    0.31944E+03
    0.73891E-03    0.32550E+03
    0.75383E-03    0.33166E+03
    0.76906E-03    0.33794E+03
    0.78460E-03    0.34433E+03
    0.80045E-03    0.35084E+03
    0.81662E-03    0.35746E+03
    0.83311E-03    0.36420E+03
    0.84994E-03    0.37107E+03
    0.86711E-03    0.37805E+03
    0.88463E-03    0.38516E+03
    0.90250E-03    0.39239E+03
    0.92073E-03    0.39976E+03
    0.93933E-03    0.40725E+03
    0.95831E-03    0.41487E+03
    0.97767E-03    0.42263E+03
    0.99742E-03    0.43052E+03
    0.10176E-02    0.43855E+03
    0.10381E-02    0.44671E+03
    0.10591E-02    0.45502E+03
    0.10805E-02    0.46347E+03
    0.11023E-02    0.47207E+03
    0.11246E-02    0.48081E+03
    0.11473E-02    0.48970E+03
    0.11705E-02    0.49874E+03
    0.11941E-02    0.50793E+03
    0.12182E-02    0.51728E+03
    0.12429E-02    0.52678E+03
    0.12680E-02    0.53644E+03
    0.12936E-02    0.54626E+03
    0.13197E-02    0.55624E+03
    0.13464E-02    0.56639E+03
    0.13736E-02    0.57670E+03
    0.14013E-02    0.58718E+03
    0.14296E-02    0.59783E+03
    0.14585E-02    0.60864E+03
    0.14880E-02    0.61963E+03
    0.15180E-02    0.63080E+03
    0.15487E-02    0.64214E+03
    0.15800E-02    0.65366E+03
    0.16119E-02    0.66536E+03
    0.16445E-02    0.67724E+03
    0.16777E-02    0.68930E+03
    0.17116E-02    0.70155E+03
    0.17462E-02    0.71398E+03
    0.17814E-02    0.72660E+03
    0.18174E-02    0.73941E+03
    0.18541E-02    0.75241E+03
    0.18916E-02    0.76560E+03
    0.19298E-02    0.77899E+03
    0.19688E-02    0.79257E+03
    0.20086E-02    0.80634E+03
    0.20491E-02    0.82031E+03
    0.20905E-02    0.83448E+03
    0.21328E-02    0.84884E+03
    0.21758E-02    0.86341E+03
    0.22198E-02    0.87817E+03
    0.22646E-02    0.89313E+03
    0.23104E-02    0.90830E+03
    0.23571E-02    0.92366E+03
    0.24047E-02    0.93923E+03
    0.24533E-02    0.95500E+03
    0.25028E-02    0.97097E+03
    0.25534E-02    0.98714E+03
    0.26050E-02    0.10035E+04
    0.26576E-02    0.10201E+04
    0.27113E-02    0.10369E+04
    0.27660E-02    0.10538E+04
    0.28219E-02    0.10710E+04
    0.28789E-02    0.10884E+04
    0.29371E-02    0.11059E+04
    0.29964E-02    0.11237E+04
    0.30569E-02    0.11416E+04
    0.31187E-02    0.11598E+04
    0.31817E-02    0.11781E+04
    0.32460E-02    0.11967E+04
    0.33115E-02    0.12154E+04
    0.33784E-02    0.12343E+04
    0.34467E-02    0.12534E+04
    0.35163E-02    0.12726E+04
    0.35874E-02    0.12920E+04
    0.36598E-02    0.13117E+04
    0.37338E-02    0.13314E+04
    0.38092E-02    0.13514E+04
    0.38861E-02    0.13715E+04
    0.39646E-02    0.13917E+04
    0.40447E-02    0.14121E+04
    0.41264E-02    0.14327E+04
    0.42098E-02    0.14534E+04
    0.42948E-02    0.14742E+04
    0.43816E-02    0.14952E+04
    0.44701E-02    0.15163E+04
    0.45604E-02    0.15375E+04
    0.46525E-02    0.15588E+04
    0.47465E-02    0.15802E+04
    0.48424E-02    0.16016E+04
    0.49402E-02    0.16231E+04
    0.50400E-02    0.16447E+04
    0.51419E-02    0.16664E+04
    0.52457E-02    0.16882E+04
    0.53517E-02    0.17101E+04
    0.54598E-02    0.17320E+04
    0.55701E-02    0.17539E+04
    0.56826E-02    0.17759E+04
    0.57974E-02    0.17979E+04
    0.59145E-02    0.18199E+04
    0.60340E-02    0.18418E+04
    0.61559E-02    0.18638E+04
    0.62803E-02    0.18857E+04
    0.64072E-02    0.19075E+04
    0.65366E-02    0.19293E+04
    0.66686E-02    0.19510E+04
    0.68033E-02    0.19726E+04
    0.69408E-02    0.19941E+04
    0.70810E-02    0.20155E+04
    0.72240E-02    0.20368E+04
    0.73700E-02    0.20579E+04
    0.75189E-02    0.20788E+04
    0.76708E-02    0.20995E+04
    0.78257E-02    0.21201E+04
    0.79838E-02    0.21404E+04
    0.81451E-02    0.21604E+04
    0.83096E-02    0.21802E+04
    0.84775E-02    0.21997E+04
    0.86488E-02    0.22189E+04
    0.88235E-02    0.22378E+04
    0.90017E-02    0.22563E+04
    0.91836E-02    0.22745E+04
    0.93691E-02    0.22922E+04
    0.95583E-02    0.23096E+04
    0.97514E-02    0.23265E+04
    0.99484E-02    0.23429E+04
    0.10149E-01    0.23589E+04
    0.10354E-01    0.23743E+04
    0.10564E-01    0.23892E+04
    0.10777E-01    0.24036E+04
    0.10995E-01    0.24173E+04
    0.11217E-01    0.24304E+04
    0.11443E-01    0.24429E+04
    0.11675E-01    0.24547E+04
    0.11910E-01    0.24658E+04
    0.12151E-01    0.24761E+04
    0.12397E-01    0.24858E+04
    0.12647E-01    0.24947E+04
    0.12902E-01    0.25029E+04
    0.13163E-01    0.25101E+04
    0.13429E-01    0.25164E+04
    0.13700E-01    0.25217E+04
    0.13977E-01    0.25259E+04
    0.14259E-01    0.25291E+04
    0.14547E-01    0.25315E+04
    0.14841E-01    0.25332E+04
    0.15141E-01    0.25343E+04
    0.15447E-01    0.25350E+04
    0.15759E-01    0.25352E+04
    0.16077E-01    0.25344E+04
    0.16402E-01    0.25324E+04
    0.16734E-01    0.25290E+04
    0.17072E-01    0.25239E+04
    0.17416E-01    0.25171E+04
    0.17768E-01    0.25088E+04
    0.18127E-01    0.24992E+04
    0.18493E-01    0.24886E+04
    0.18867E-01    0.24769E+04
    0.19248E-01    0.24642E+04
    0.19637E-01    0.24503E+04
    0.20034E-01    0.24348E+04
    0.20438E-01    0.24178E+04
    0.20851E-01    0.23991E+04
    0.21272E-01    0.23787E+04
    0.21702E-01    0.23571E+04
    0.22141E-01    0.23342E+04
    0.22588E-01    0.23105E+04
    0.23044E-01    0.22859E+04
    0.23510E-01    0.22606E+04
    0.23985E-01    0.22346E+04
    0.24469E-01    0.22079E+04
    0.24964E-01    0.21803E+04
    0.25468E-01    0.21521E+04
    0.25982E-01    0.21230E+04
    0.26507E-01    0.20931E+04
    0.27043E-01    0.20624E+04
    0.27589E-01    0.20308E+04
    0.28146E-01    0.19984E+04
    0.28715E-01    0.19653E+04
    0.29295E-01    0.19315E+04
    0.29887E-01    0.18972E+04
    0.30490E-01    0.18625E+04
    0.31106E-01    0.18275E+04
    0.31735E-01    0.17924E+04
    0.32376E-01    0.17572E+04
    0.33030E-01    0.17221E+04
    0.33697E-01    0.16873E+04
    0.34378E-01    0.16528E+04
    0.35072E-01    0.16187E+04
    0.35781E-01    0.15852E+04
    0.36504E-01    0.15522E+04
    0.37241E-01    0.15198E+04
    0.37993E-01    0.14881E+04
    0.38761E-01    0.14572E+04
    0.39544E-01    0.14271E+04
    0.40343E-01    0.13978E+04
    0.41158E-01    0.13694E+04
    0.41989E-01    0.13419E+04
    0.42838E-01    0.13154E+04
    0.43703E-01    0.12901E+04
    0.44586E-01    0.12660E+04
    0.45486E-01    0.12432E+04
    0.46405E-01    0.12217E+04
    0.47343E-01    0.12013E+04
    0.48299E-01    0.11820E+04
    0.49275E-01    0.11636E+04
    0.50270E-01    0.11462E+04
    0.51286E-01    0.11295E+04
    0.52322E-01    0.11136E+04
    0.53379E-01    0.10984E+04
    0.54457E-01    0.10837E+04
    0.55557E-01    0.10694E+04
    0.56680E-01    0.10553E+04
    0.57825E-01    0.10413E+04
    0.58993E-01    0.10273E+04
    0.60184E-01    0.10130E+04
    0.61400E-01    0.99850E+03
    0.62641E-01    0.98351E+03
    0.63906E-01    0.96784E+03
    0.65197E-01    0.95128E+03
    0.66514E-01    0.93363E+03
    0.67858E-01    0.91504E+03
    0.69229E-01    0.89577E+03
    0.70627E-01    0.87602E+03
    0.72054E-01    0.85550E+03
    0.73510E-01    0.83367E+03
    0.74994E-01    0.81019E+03
    0.76509E-01    0.78539E+03
    0.78055E-01    0.75980E+03
    0.79632E-01    0.73383E+03
    0.81241E-01    0.70766E+03
    0.82882E-01    0.68145E+03
    0.84556E-01    0.65545E+03
    0.86264E-01    0.62996E+03
    0.88007E-01    0.60525E+03
    0.89785E-01    0.58161E+03
    0.91598E-01    0.55928E+03
    0.93449E-01    0.53845E+03
    0.95337E-01    0.51930E+03
    0.97263E-01    0.50196E+03
    0.99227E-01    0.48647E+03
    0.10123E+00    0.47279E+03
    0.10328E+00    0.46087E+03
    0.10536E+00    0.45051E+03
    0.10749E+00    0.44150E+03
    0.10966E+00    0.43356E+03
    0.11188E+00    0.42638E+03
    0.11414E+00    0.41963E+03
    0.11644E+00    0.41294E+03
    0.11880E+00    0.40595E+03
    0.12120E+00    0.39834E+03
    0.12365E+00    0.38982E+03
    0.12614E+00    0.38022E+03
    0.12869E+00    0.36944E+03
    0.13129E+00    0.35752E+03
    0.13394E+00    0.34460E+03
    0.13665E+00    0.33092E+03
    0.13941E+00    0.31674E+03
    0.14223E+00    0.30242E+03
    0.14510E+00    0.28834E+03
    0.14803E+00    0.27489E+03
    0.15102E+00    0.26246E+03
    0.15407E+00    0.25137E+03
    0.15718E+00    0.24177E+03
    0.16036E+00    0.23368E+03
    0.16360E+00    0.22695E+03
    0.16690E+00    0.22135E+03
    0.17028E+00    0.21655E+03
    0.17371E+00    0.21224E+03
    0.17722E+00    0.20805E+03
    0.18080E+00    0.20360E+03
    0.18446E+00    0.19855E+03
    0.18818E+00    0.19268E+03
    0.19198E+00    0.18595E+03
    0.19586E+00    0.17853E+03
    0.19982E+00    0.17070E+03
    0.20386E+00    0.16280E+03
    0.20797E+00    0.15517E+03
    0.21218E+00    0.14811E+03
    0.21646E+00    0.14186E+03
    0.22083E+00    0.13654E+03
    0.22530E+00    0.13212E+03
    0.22985E+00    0.12840E+03
    0.23449E+00    0.12512E+03
    0.23923E+00    0.12196E+03
    0.24406E+00    0.11863E+03
    0.24899E+00    0.11491E+03
    0.25402E+00    0.11075E+03
    0.25915E+00    0.10626E+03
    0.26439E+00    0.10163E+03
    0.26973E+00    0.97110E+02
    0.27518E+00    0.92912E+02
    0.28074E+00    0.89195E+02
    0.28641E+00    0.85994E+02
    0.29219E+00    0.83217E+02
    0.29810E+00    0.80680E+02
    0.30412E+00    0.78187E+02
    0.31026E+00    0.75589E+02
    0.31653E+00    0.72815E+02
    0.32292E+00    0.69902E+02
    0.32945E+00    0.66981E+02
    0.33610E+00    0.64201E+02
    0.34289E+00    0.61656E+02
    0.34982E+00    0.59372E+02
    0.35689E+00    0.57310E+02
    0.36409E+00    0.55362E+02
    0.37145E+00    0.53424E+02
    0.37895E+00    0.51445E+02
    0.38661E+00    0.49435E+02
    0.39442E+00    0.47455E+02
    0.40239E+00    0.45576E+02
    0.41052E+00    0.43835E+02
    0.41881E+00    0.42224E+02
    0.42727E+00    0.40699E+02
    0.43590E+00    0.39208E+02
    0.44471E+00    0.37727E+02
    0.45369E+00    0.36264E+02
    0.46286E+00    0.34853E+02
    0.47221E+00    0.33517E+02
    0.48174E+00    0.32259E+02
    0.49148E+00    0.31061E+02
    0.50141E+00    0.29898E+02
    0.51153E+00    0.28764E+02
    0.52187E+00    0.27660E+02
    0.53241E+00    0.26604E+02
    0.54317E+00    0.25598E+02
    0.55414E+00    0.24634E+02
    0.56533E+00    0.23705E+02
    0.57675E+00    0.22809E+02
    0.58840E+00    0.21947E+02
    0.60029E+00    0.21118E+02
    0.61242E+00    0.20322E+02
    0.62479E+00    0.19556E+02
    0.63741E+00    0.18821E+02
    0.65029E+00    0.18114E+02
    0.66342E+00    0.17435E+02
    0.67683E+00    0.16783E+02
    0.69050E+00    0.16156E+02
    0.70445E+00    0.15553E+02
    0.71868E+00    0.14974E+02
    0.73320E+00    0.14417E+02
    0.74801E+00    0.13882E+02
    0.76312E+00    0.13368E+02
    0.77854E+00    0.12874E+02
    0.79426E+00    0.12400E+02
    0.81031E+00    0.11944E+02
    0.82668E+00    0.11505E+02
    0.84338E+00    0.11084E+02
    0.86041E+00    0.10680E+02
    0.87780E+00    0.10291E+02
    0.89553E+00    0.99175E+01
    0.91362E+00    0.95587E+01
    0.93208E+00    0.92140E+01
    0.95091E+00    0.88828E+01
    0.97011E+00    0.85645E+01
    0.98971E+00    0.82588E+01
    0.10097E+01    0.79649E+01
    0.10301E+01    0.76826E+01
    0.10509E+01    0.74112E+01
    0.10721E+01    0.71505E+01
    0.10938E+01    0.68998E+01
    0.11159E+01    0.66590E+01
    0.11384E+01    0.64274E+01
    0.11614E+01    0.62049E+01
    0.11849E+01    0.59909E+01
    0.12088E+01    0.57852E+01
    0.12333E+01    0.55874E+01
    0.12582E+01    0.53972E+01
    0.12836E+01    0.52144E+01
    0.13095E+01    0.50385E+01
    0.13360E+01    0.48693E+01
    0.13630E+01    0.47066E+01
    0.13905E+01    0.45501E+01
    0.14186E+01    0.43994E+01
    0.14472E+01    0.42545E+01
    0.14765E+01    0.41150E+01
    0.15063E+01    0.39808E+01
    0.15367E+01    0.38516E+01
    0.15678E+01    0.37272E+01
    0.15994E+01    0.36074E+01
    0.16318E+01    0.34920E+01
    0.16647E+01    0.33809E+01
    0.16984E+01    0.32739E+01
    0.17327E+01    0.31708E+01
    0.17677E+01    0.30714E+01
    0.18034E+01    0.29757E+01
    0.18398E+01    0.28834E+01
    0.18770E+01    0.27944E+01
    0.19149E+01    0.27085E+01
    0.19536E+01    0.26258E+01
    0.19930E+01    0.25459E+01
    0.20333E+01    0.24689E+01
    0.20744E+01    0.23946E+01
    0.21163E+01    0.23228E+01
    0.21590E+01    0.22536E+01
    0.22026E+01    0.21867E+01
    0.22471E+01    0.21221E+01
    0.22925E+01    0.20597E+01
    0.23388E+01    0.19994E+01
    0.23861E+01    0.19412E+01
    0.24343E+01    0.18849E+01
    0.24835E+01    0.18304E+01
    0.25336E+01    0.17778E+01
    0.25848E+01    0.17268E+01
    0.26370E+01    0.16776E+01
    0.26903E+01    0.16299E+01
    0.27447E+01    0.15838E+01
    0.28001E+01    0.15391E+01
    0.28567E+01    0.14958E+01
    0.29144E+01    0.14539E+01
    0.29733E+01    0.14133E+01
    0.30333E+01    0.13740E+01
    0.30946E+01    0.13359E+01
    0.31571E+01    0.12989E+01
    0.32209E+01    0.12631E+01
    0.32860E+01    0.12283E+01
    0.33523E+01    0.11946E+01
    0.34201E+01    0.11619E+01
    0.34892E+01    0.11301E+01
    0.35596E+01    0.10993E+01
    0.36316E+01    0.10694E+01
    0.37049E+01    0.10403E+01
    0.37798E+01    0.10121E+01
    0.38561E+01    0.98462E+00
    0.39340E+01    0.95796E+00
    0.40135E+01    0.93204E+00
    0.40946E+01    0.90685E+00
    0.41773E+01    0.88235E+00
    0.42617E+01    0.85852E+00
    0.43478E+01    0.83534E+00
    0.44356E+01    0.81278E+00
    0.45252E+01    0.79083E+00
    0.46166E+01    0.76947E+00
    0.47099E+01    0.74868E+00
    0.48050E+01    0.72843E+00
    0.49021E+01    0.70872E+00
    0.50011E+01    0.68952E+00
    0.51021E+01    0.67082E+00
    0.52052E+01    0.65259E+00
    0.53104E+01    0.63484E+00
    0.54176E+01    0.61754E+00
    0.55271E+01    0.60068E+00
    0.56387E+01    0.58425E+00
    0.57526E+01    0.56823E+00
    0.58689E+01    0.55261E+00
    0.59874E+01    0.53738E+00
    0.61084E+01    0.52254E+00
    0.62318E+01    0.50806E+00
    0.63577E+01    0.49394E+00
    0.64861E+01    0.48017E+00
    0.66171E+01    0.46673E+00
    0.67508E+01    0.45363E+00
    0.68872E+01    0.44085E+00
    0.70263E+01    0.42839E+00
    0.71682E+01    0.41623E+00
    0.73130E+01    0.40436E+00
    0.74608E+01    0.39279E+00
    0.76115E+01    0.38150E+00
    0.77653E+01    0.37049E+00
    0.79221E+01    0.35975E+00
    0.80822E+01    0.34927E+00
    0.82454E+01    0.33904E+00
    0.84120E+01    0.32907E+00
    0.85819E+01    0.31935E+00
    0.87553E+01    0.30986E+00
    0.89322E+01    0.30061E+00
    0.91126E+01    0.29159E+00
    0.92967E+01    0.28280E+00
    0.94845E+01    0.27422E+00
    0.96761E+01    0.26586E+00
    0.98716E+01    0.25772E+00
    0.10071E+02    0.24977E+00
    0.10274E+02    0.24203E+00
    0.10482E+02    0.23449E+00
    0.10694E+02    0.22714E+00
    0.10910E+02    0.21998E+00
    0.11130E+02    0.21300E+00
    0.11355E+02    0.20621E+00
    0.11584E+02    0.19960E+00
    0.11818E+02    0.19316E+00
    0.12057E+02    0.18689E+00
    0.12301E+02    0.18080E+00
    0.12549E+02    0.17486E+00
    0.12803E+02    0.16909E+00
    0.13061E+02    0.16347E+00
    0.13325E+02    0.15801E+00
    0.13594E+02    0.15270E+00
    0.13869E+02    0.14754E+00
    0.14149E+02    0.14252E+00
    0.14435E+02    0.13765E+00
    0.14727E+02    0.13292E+00
    0.15024E+02    0.12832E+00
    0.15328E+02    0.12385E+00
    0.15637E+02    0.11952E+00
    0.15953E+02    0.11532E+00
    0.16275E+02    0.11124E+00
    0.16604E+02    0.10728E+00
    0.16940E+02    0.10344E+00
    0.17282E+02    0.99716E-01
    0.17631E+02    0.96109E-01
    0.17987E+02    0.92613E-01
    0.18351E+02    0.89225E-01
    0.18721E+02    0.85945E-01
    0.19099E+02    0.82768E-01
    0.19485E+02    0.79692E-01
    0.19879E+02    0.76715E-01
    0.20280E+02    0.73835E-01
    0.20690E+02    0.71049E-01
    0.21108E+02    0.68354E-01
    0.21535E+02    0.65749E-01
    0.21970E+02    0.63230E-01
    0.22413E+02    0.60796E-01
    0.22866E+02    0.58445E-01
    0.23328E+02    0.56174E-01
    0.23799E+02    0.53980E-01
    0.24280E+02    0.51863E-01
    0.24771E+02    0.49819E-01
    0.25271E+02    0.47847E-01
    0.25782E+02    0.45945E-01
    0.26302E+02    0.44110E-01
    0.26834E+02    0.42340E-01
    0.27376E+02    0.40635E-01
    0.27929E+02    0.38991E-01
    0.28493E+02    0.37407E-01
    0.29069E+02    0.35881E-01
    0.29656E+02    0.34411E-01
    0.30255E+02    0.32996E-01
    0.30866E+02    0.31634E-01
    0.31490E+02    0.30322E-01
    0.32126E+02    0.29061E-01
    0.32775E+02    0.27847E-01
    0.33437E+02    0.26680E-01
    0.34112E+02    0.25557E-01
    0.34801E+02    0.24478E-01
    0.35504E+02    0.23441E-01
    0.36222E+02    0.22444E-01
    0.36953E+02    0.21486E-01
    0.37700E+02    0.20567E-01
    0.38462E+02    0.19684E-01
    0.39239E+02    0.18836E-01
    0.40031E+02    0.18023E-01
    0.40840E+02    0.17242E-01
    0.41665E+02    0.16493E-01
    0.42507E+02    0.15774E-01
    0.43365E+02    0.15085E-01
    0.44241E+02    0.14423E-01
    0.45135E+02    0.13789E-01
    0.46047E+02    0.13181E-01
    0.46977E+02    0.12598E-01
    0.47926E+02    0.12039E-01
    0.48894E+02    0.11504E-01
    0.49882E+02    0.10990E-01
    0.50890E+02    0.10499E-01
    0.51918E+02    0.10028E-01
    0.52966E+02    0.95775E-02
    0.54036E+02    0.91466E-02
    0.55128E+02    0.87345E-02
    0.56242E+02    0.83405E-02
    0.57378E+02    0.79641E-02
    0.58537E+02    0.76045E-02
