    0.10000E-03    0.31375E+03
    0.10202E-03    0.31983E+03
    0.10408E-03    0.32603E+03
    0.10618E-03    0.33234E+03
    0.10833E-03    0.33878E+03
    0.11052E-03    0.34535E+03
    0.11275E-03    0.35204E+03
    0.11503E-03    0.35886E+03
    0.11735E-03    0.36581E+03
    0.11972E-03    0.37289E+03
    0.12214E-03    0.38011E+03
    0.12461E-03    0.38748E+03
    0.12712E-03    0.39498E+03
    0.12969E-03    0.40263E+03
    0.13231E-03    0.41043E+03
    0.13499E-03    0.41838E+03
    0.13771E-03    0.42648E+03
    0.14049E-03    0.43474E+03
    0.14333E-03    0.44316E+03
    0.14623E-03    0.45174E+03
    0.14918E-03    0.46048E+03
    0.15220E-03    0.46940E+03
    0.15527E-03    0.47848E+03
    0.15841E-03    0.48775E+03
    0.16161E-03    0.49719E+03
    0.16487E-03    0.50681E+03
    0.16820E-03    0.51662E+03
    0.17160E-03    0.52662E+03
    0.17507E-03    0.53681E+03
    0.17860E-03    0.54720E+03
    0.18221E-03    0.55779E+03
    0.18589E-03    0.56858E+03
    0.18965E-03    0.57958E+03
    0.19348E-03    0.59079E+03
    0.19739E-03    0.60222E+03
    0.20138E-03    0.61387E+03
    0.20544E-03    0.62574E+03
    0.20959E-03    0.63784E+03
    0.21383E-03    0.65017E+03
    0.21815E-03    0.66274E+03
    0.22255E-03    0.67556E+03
    0.22705E-03    0.68861E+03
    0.23164E-03    0.70192E+03
    0.23632E-03    0.71549E+03
    0.24109E-03    0.72932E+03
    0.24596E-03    0.74341E+03
    0.25093E-03    0.75777E+03
    0.25600E-03    0.77240E+03
    0.26117E-03    0.78732E+03
    0.26645E-03    0.80253E+03
    0.27183E-03    0.81802E+03
    0.27732E-03    0.83381E+03
    0.28292E-03    0.84990E+03
    0.28864E-03    0.86630E+03
    0.29447E-03    0.88302E+03
    0.30042E-03    0.90005E+03
    0.30649E-03    0.91741E+03
    0.31268E-03    0.93510E+03
    0.31899E-03    0.95313E+03
    0.32544E-03    0.97150E+03
    0.33201E-03    0.99022E+03
    0.33872E-03    0.10093E+04
    0.34556E-03    0.10287E+04
    0.35254E-03    0.10486E+04
    0.35966E-03    0.10687E+04
    0.36693E-03    0.10893E+04
    0.37434E-03    0.11103E+04
    0.38190E-03    0.11316E+04
    0.38962E-03    0.11534E+04
    0.39749E-03    0.11756E+04
    0.40552E-03    0.11981E+04
    0.41371E-03    0.12212E+04
    0.42207E-03    0.12446E+04
    0.43060E-03    0.12685E+04
    0.43929E-03    0.12929E+04
    0.44817E-03    0.13177E+04
    0.45722E-03    0.13429E+04
    0.46646E-03    0.13687E+04
    0.47588E-03    0.13949E+04
    0.48550E-03    0.14216E+04
    0.49530E-03    0.14488E+04
    0.50531E-03    0.14766E+04
    0.51552E-03    0.15048E+04
    0.52593E-03    0.15336E+04
    0.53656E-03    0.15629E+04
    0.54739E-03    0.15927E+04
    0.55845E-03    0.16231E+04
    0.56973E-03    0.16541E+04
    0.58124E-03    0.16856E+04
    0.59299E-03    0.17177E+04
    0.60496E-03    0.17504E+04
    0.61719E-03    0.17837E+04
    0.62965E-03    0.18177E+04
    0.64237E-03    0.18522E+04
    0.65535E-03    0.18874E+04
    0.66859E-03    0.19232E+04
    0.68210E-03    0.19597E+04
    0.69588E-03    0.19968E+04
    0.70993E-03    0.20346E+04
    0.72427E-03    0.20731E+04
    0.73891E-03    0.21123E+04
    0.75383E-03    0.21522E+04
    0.76906E-03    0.21929E+04
    0.78460E-03    0.22342E+04
    0.80045E-03    0.22763E+04
    0.81662E-03    0.23191E+04
    0.83311E-03    0.23628E+04
    0.84994E-03    0.24071E+04
    0.86711E-03    0.24523E+04
    0.88463E-03    0.24983E+04
    0.90250E-03    0.25451E+04
    0.92073E-03    0.25927E+04
    0.93933E-03    0.26411E+04
    0.95831E-03    0.26904E+04
    0.97767E-03    0.27406E+04
    0.99742E-03    0.27916E+04
    0.10176E-02    0.28435E+04
    0.10381E-02    0.28963E+04
    0.10591E-02    0.29500E+04
    0.10805E-02    0.30047E+04
    0.11023E-02    0.30603E+04
    0.11246E-02    0.31168E+04
    0.11473E-02    0.31743E+04
    0.11705E-02    0.32327E+04
    0.11941E-02    0.32922E+04
    0.12182E-02    0.33526E+04
    0.12429E-02    0.34141E+04
    0.12680E-02    0.34766E+04
    0.12936E-02    0.35401E+04
    0.13197E-02    0.36046E+04
    0.13464E-02    0.36703E+04
    0.13736E-02    0.37370E+04
    0.14013E-02    0.38047E+04
    0.14296E-02    0.38736E+04
    0.14585E-02    0.39436E+04
    0.14880E-02    0.40147E+04
    0.15180E-02    0.40869E+04
    0.15487E-02    0.41603E+04
    0.15800E-02    0.42348E+04
    0.16119E-02    0.43105E+04
    0.16445E-02    0.43874E+04
    0.16777E-02    0.44654E+04
    0.17116E-02    0.45447E+04
    0.17462E-02    0.46251E+04
    0.17814E-02    0.47068E+04
    0.18174E-02    0.47897E+04
    0.18541E-02    0.48738E+04
    0.18916E-02    0.49591E+04
    0.19298E-02    0.50458E+04
    0.19688E-02    0.51336E+04
    0.20086E-02    0.52227E+04
    0.20491E-02    0.53131E+04
    0.20905E-02    0.54048E+04
    0.21328E-02    0.54978E+04
    0.21758E-02    0.55920E+04
    0.22198E-02    0.56876E+04
    0.22646E-02    0.57844E+04
    0.23104E-02    0.58825E+04
    0.23571E-02    0.59820E+04
    0.24047E-02    0.60827E+04
    0.24533E-02    0.61848E+04
    0.25028E-02    0.62881E+04
    0.25534E-02    0.63927E+04
    0.26050E-02    0.64987E+04
    0.26576E-02    0.66060E+04
    0.27113E-02    0.67145E+04
    0.27660E-02    0.68243E+04
    0.28219E-02    0.69355E+04
    0.28789E-02    0.70479E+04
    0.29371E-02    0.71616E+04
    0.29964E-02    0.72765E+04
    0.30569E-02    0.73928E+04
    0.31187E-02    0.75102E+04
    0.31817E-02    0.76289E+04
    0.32460E-02    0.77488E+04
    0.33115E-02    0.78699E+04
    0.33784E-02    0.79923E+04
    0.34467E-02    0.81158E+04
    0.35163E-02    0.82405E+04
    0.35874E-02    0.83664E+04
    0.36598E-02    0.84933E+04
    0.37338E-02    0.86213E+04
    0.38092E-02    0.87502E+04
    0.38861E-02    0.88801E+04
    0.39646E-02    0.90111E+04
    0.40447E-02    0.91431E+04
    0.41264E-02    0.92763E+04
    0.42098E-02    0.94108E+04
    0.42948E-02    0.95464E+04
    0.43816E-02    0.96829E+04
    0.44701E-02    0.98197E+04
    0.45604E-02    0.99563E+04
    0.46525E-02    0.10092E+05
    0.47465E-02    0.10227E+05
    0.48424E-02    0.10362E+05
    0.49402E-02    0.10497E+05
    0.50400E-02    0.10633E+05
    0.51419E-02    0.10770E+05
    0.52457E-02    0.10910E+05
    0.53517E-02    0.11050E+05
    0.54598E-02    0.11192E+05
    0.55701E-02    0.11334E+05
    0.56826E-02    0.11477E+05
    0.57974E-02    0.11619E+05
    0.59145E-02    0.11760E+05
    0.60340E-02    0.11901E+05
    0.61559E-02    0.12042E+05
    0.62803E-02    0.12183E+05
    0.64072E-02    0.12324E+05
    0.65366E-02    0.12464E+05
    0.66686E-02    0.12604E+05
    0.68033E-02    0.12743E+05
    0.69408E-02    0.12881E+05
    0.70810E-02    0.13019E+05
    0.72240E-02    0.13155E+05
    0.73700E-02    0.13291E+05
    0.75189E-02    0.13425E+05
    0.76708E-02    0.13558E+05
    0.78257E-02    0.13690E+05
    0.79838E-02    0.13821E+05
    0.81451E-02    0.13949E+05
    0.83096E-02    0.14076E+05
    0.84775E-02    0.14201E+05
    0.86488E-02    0.14325E+05
    0.88235E-02    0.14446E+05
    0.90017E-02    0.14564E+05
    0.91836E-02    0.14681E+05
    0.93691E-02    0.14794E+05
    0.95583E-02    0.14905E+05
    0.97514E-02    0.15013E+05
    0.99484E-02    0.15118E+05
    0.10149E-01    0.15220E+05
    0.10354E-01    0.15319E+05
    0.10564E-01    0.15414E+05
    0.10777E-01    0.15505E+05
    0.10995E-01    0.15593E+05
    0.11217E-01    0.15676E+05
    0.11443E-01    0.15755E+05
    0.11675E-01    0.15830E+05
    0.11910E-01    0.15900E+05
    0.12151E-01    0.15966E+05
    0.12397E-01    0.16027E+05
    0.12647E-01    0.16083E+05
    0.12902E-01    0.16134E+05
    0.13163E-01    0.16179E+05
    0.13429E-01    0.16219E+05
    0.13700E-01    0.16251E+05
    0.13977E-01    0.16277E+05
    0.14259E-01    0.16296E+05
    0.14547E-01    0.16309E+05
    0.14841E-01    0.16319E+05
    0.15141E-01    0.16324E+05
    0.15447E-01    0.16327E+05
    0.15759E-01    0.16326E+05
    0.16077E-01    0.16319E+05
    0.16402E-01    0.16305E+05
    0.16734E-01    0.16281E+05
    0.17072E-01    0.16246E+05
    0.17416E-01    0.16200E+05
    0.17768E-01    0.16145E+05
    0.18127E-01    0.16082E+05
    0.18493E-01    0.16011E+05
    0.18867E-01    0.15934E+05
    0.19248E-01    0.15850E+05
    0.19637E-01    0.15758E+05
    0.20034E-01    0.15657E+05
    0.20438E-01    0.15546E+05
    0.20851E-01    0.15423E+05
    0.21272E-01    0.15290E+05
    0.21702E-01    0.15149E+05
    0.22141E-01    0.15000E+05
    0.22588E-01    0.14846E+05
    0.23044E-01    0.14686E+05
    0.23510E-01    0.14522E+05
    0.23985E-01    0.14353E+05
    0.24469E-01    0.14179E+05
    0.24964E-01    0.14000E+05
    0.25468E-01    0.13817E+05
    0.25982E-01    0.13628E+05
    0.26507E-01    0.13435E+05
    0.27043E-01    0.13236E+05
    0.27589E-01    0.13032E+05
    0.28146E-01    0.12822E+05
    0.28715E-01    0.12608E+05
    0.29295E-01    0.12390E+05
    0.29887E-01    0.12169E+05
    0.30490E-01    0.11945E+05
    0.31106E-01    0.11719E+05
    0.31735E-01    0.11493E+05
    0.32376E-01    0.11266E+05
    0.33030E-01    0.11040E+05
    0.33697E-01    0.10816E+05
    0.34378E-01    0.10595E+05
    0.35072E-01    0.10376E+05
    0.35781E-01    0.10160E+05
    0.36504E-01    0.99484E+04
    0.37241E-01    0.97406E+04
    0.37993E-01    0.95374E+04
    0.38761E-01    0.93389E+04
    0.39544E-01    0.91457E+04
    0.40343E-01    0.89578E+04
    0.41158E-01    0.87757E+04
    0.41989E-01    0.85996E+04
    0.42838E-01    0.84301E+04
    0.43703E-01    0.82679E+04
    0.44586E-01    0.81135E+04
    0.45486E-01    0.79672E+04
    0.46405E-01    0.78290E+04
    0.47343E-01    0.76982E+04
    0.48299E-01    0.75741E+04
    0.49275E-01    0.74562E+04
    0.50270E-01    0.73439E+04
    0.51286E-01    0.72367E+04
    0.52322E-01    0.71341E+04
    0.53379E-01    0.70356E+04
    0.54457E-01    0.69405E+04
    0.55557E-01    0.68480E+04
    0.56680E-01    0.67570E+04
    0.57825E-01    0.66665E+04
    0.58993E-01    0.65756E+04
    0.60184E-01    0.64835E+04
    0.61400E-01    0.63895E+04
    0.62641E-01    0.62928E+04
    0.63906E-01    0.61919E+04
    0.65197E-01    0.60856E+04
    0.66514E-01    0.59726E+04
    0.67858E-01    0.58539E+04
    0.69229E-01    0.57312E+04
    0.70627E-01    0.56056E+04
    0.72054E-01    0.54754E+04
    0.73510E-01    0.53375E+04
    0.74994E-01    0.51896E+04
    0.76509E-01    0.50339E+04
    0.78055E-01    0.48737E+04
    0.79632E-01    0.47114E+04
    0.81241E-01    0.45482E+04
    0.82882E-01    0.43851E+04
    0.84556E-01    0.42235E+04
    0.86264E-01    0.40653E+04
    0.88007E-01    0.39121E+04
    0.89785E-01    0.37657E+04
    0.91598E-01    0.36274E+04
    0.93449E-01    0.34984E+04
    0.95337E-01    0.33797E+04
    0.97263E-01    0.32721E+04
    0.99227E-01    0.31758E+04
    0.10123E+00    0.30904E+04
    0.10328E+00    0.30157E+04
    0.10536E+00    0.29503E+04
    0.10749E+00    0.28930E+04
    0.10966E+00    0.28421E+04
    0.11188E+00    0.27957E+04
    0.11414E+00    0.27518E+04
    0.11644E+00    0.27083E+04
    0.11880E+00    0.26630E+04
    0.12120E+00    0.26141E+04
    0.12365E+00    0.25600E+04
    0.12614E+00    0.24996E+04
    0.12869E+00    0.24324E+04
    0.13129E+00    0.23589E+04
    0.13394E+00    0.22797E+04
    0.13665E+00    0.21963E+04
    0.13941E+00    0.21103E+04
    0.14223E+00    0.20238E+04
    0.14510E+00    0.19388E+04
    0.14803E+00    0.18577E+04
    0.15102E+00    0.17827E+04
    0.15407E+00    0.17155E+04
    0.15718E+00    0.16571E+04
    0.16036E+00    0.16074E+04
    0.16360E+00    0.15655E+04
    0.16690E+00    0.15301E+04
    0.17028E+00    0.14993E+04
    0.17371E+00    0.14713E+04
    0.17722E+00    0.14439E+04
    0.18080E+00    0.14152E+04
    0.18446E+00    0.13832E+04
    0.18818E+00    0.13467E+04
    0.19198E+00    0.13055E+04
    0.19586E+00    0.12607E+04
    0.19982E+00    0.12138E+04
    0.20386E+00    0.11666E+04
    0.20797E+00    0.11212E+04
    0.21218E+00    0.10790E+04
    0.21646E+00    0.10414E+04
    0.22083E+00    0.10090E+04
    0.22530E+00    0.98151E+03
    0.22985E+00    0.95798E+03
    0.23449E+00    0.93683E+03
    0.23923E+00    0.91638E+03
    0.24406E+00    0.89505E+03
    0.24899E+00    0.87175E+03
    0.25402E+00    0.84623E+03
    0.25915E+00    0.81902E+03
    0.26439E+00    0.79122E+03
    0.26973E+00    0.76409E+03
    0.27518E+00    0.73879E+03
    0.28074E+00    0.71610E+03
    0.28641E+00    0.69618E+03
    0.29219E+00    0.67853E+03
    0.29810E+00    0.66219E+03
    0.30412E+00    0.64612E+03
    0.31026E+00    0.62959E+03
    0.31653E+00    0.61223E+03
    0.32292E+00    0.59424E+03
    0.32945E+00    0.57631E+03
    0.33610E+00    0.55917E+03
    0.34289E+00    0.54329E+03
    0.34982E+00    0.52878E+03
    0.35689E+00    0.51543E+03
    0.36409E+00    0.50271E+03
    0.37145E+00    0.49009E+03
    0.37895E+00    0.47733E+03
    0.38661E+00    0.46449E+03
    0.39442E+00    0.45186E+03
    0.40239E+00    0.43978E+03
    0.41052E+00    0.42842E+03
    0.41881E+00    0.41773E+03
    0.42727E+00    0.40751E+03
    0.43590E+00    0.39750E+03
    0.44471E+00    0.38759E+03
    0.45369E+00    0.37782E+03
    0.46286E+00    0.36834E+03
    0.47221E+00    0.35926E+03
    0.48174E+00    0.35058E+03
    0.49148E+00    0.34223E+03
    0.50141E+00    0.33408E+03
    0.51153E+00    0.32610E+03
    0.52187E+00    0.31831E+03
    0.53241E+00    0.31077E+03
    0.54317E+00    0.30350E+03
    0.55414E+00    0.29646E+03
    0.56533E+00    0.28961E+03
    0.57675E+00    0.28294E+03
    0.58840E+00    0.27646E+03
    0.60029E+00    0.27016E+03
    0.61242E+00    0.26403E+03
    0.62479E+00    0.25807E+03
    0.63741E+00    0.25228E+03
    0.65029E+00    0.24664E+03
    0.66342E+00    0.24115E+03
    0.67683E+00    0.23580E+03
    0.69050E+00    0.23059E+03
    0.70445E+00    0.22552E+03
    0.71868E+00    0.22057E+03
    0.73320E+00    0.21574E+03
    0.74801E+00    0.21103E+03
    0.76312E+00    0.20644E+03
    0.77854E+00    0.20195E+03
    0.79426E+00    0.19757E+03
    0.81031E+00    0.19329E+03
    0.82668E+00    0.18911E+03
    0.84338E+00    0.18502E+03
    0.86041E+00    0.18102E+03
    0.87780E+00    0.17711E+03
    0.89553E+00    0.17329E+03
    0.91362E+00    0.16954E+03
    0.93208E+00    0.16588E+03
    0.95091E+00    0.16229E+03
    0.97011E+00    0.15878E+03
    0.98971E+00    0.15534E+03
    0.10097E+01    0.15196E+03
    0.10301E+01    0.14866E+03
    0.10509E+01    0.14541E+03
    0.10721E+01    0.14224E+03
    0.10938E+01    0.13912E+03
    0.11159E+01    0.13606E+03
    0.11384E+01    0.13306E+03
    0.11614E+01    0.13011E+03
    0.11849E+01    0.12722E+03
    0.12088E+01    0.12439E+03
    0.12333E+01    0.12160E+03
    0.12582E+01    0.11887E+03
    0.12836E+01    0.11618E+03
    0.13095E+01    0.11354E+03
    0.13360E+01    0.11095E+03
    0.13630E+01    0.10841E+03
    0.13905E+01    0.10591E+03
    0.14186E+01    0.10345E+03
    0.14472E+01    0.10104E+03
    0.14765E+01    0.98667E+02
    0.15063E+01    0.96339E+02
    0.15367E+01    0.94051E+02
    0.15678E+01    0.91804E+02
    0.15994E+01    0.89596E+02
    0.16318E+01    0.87427E+02
    0.16647E+01    0.85296E+02
    0.16984E+01    0.83202E+02
    0.17327E+01    0.81146E+02
    0.17677E+01    0.79127E+02
    0.18034E+01    0.77144E+02
    0.18398E+01    0.75196E+02
    0.18770E+01    0.73284E+02
    0.19149E+01    0.71407E+02
    0.19536E+01    0.69564E+02
    0.19930E+01    0.67755E+02
    0.20333E+01    0.65979E+02
    0.20744E+01    0.64237E+02
    0.21163E+01    0.62528E+02
    0.21590E+01    0.60851E+02
    0.22026E+01    0.59206E+02
    0.22471E+01    0.57594E+02
    0.22925E+01    0.56012E+02
    0.23388E+01    0.54462E+02
    0.23861E+01    0.52943E+02
    0.24343E+01    0.51455E+02
    0.24835E+01    0.49996E+02
    0.25336E+01    0.48568E+02
    0.25848E+01    0.47169E+02
    0.26370E+01    0.45800E+02
    0.26903E+01    0.44460E+02
    0.27447E+01    0.43149E+02
    0.28001E+01    0.41866E+02
    0.28567E+01    0.40612E+02
    0.29144E+01    0.39385E+02
    0.29733E+01    0.38186E+02
    0.30333E+01    0.37015E+02
    0.30946E+01    0.35870E+02
    0.31571E+01    0.34753E+02
    0.32209E+01    0.33662E+02
    0.32860E+01    0.32597E+02
    0.33523E+01    0.31558E+02
    0.34201E+01    0.30544E+02
    0.34892E+01    0.29556E+02
    0.35596E+01    0.28593E+02
    0.36316E+01    0.27654E+02
    0.37049E+01    0.26740E+02
    0.37798E+01    0.25849E+02
    0.38561E+01    0.24983E+02
    0.39340E+01    0.24139E+02
    0.40135E+01    0.23318E+02
    0.40946E+01    0.22520E+02
    0.41773E+01    0.21745E+02
    0.42617E+01    0.20991E+02
    0.43478E+01    0.20258E+02
    0.44356E+01    0.19547E+02
    0.45252E+01    0.18856E+02
    0.46166E+01    0.18186E+02
    0.47099E+01    0.17535E+02
    0.48050E+01    0.16905E+02
    0.49021E+01    0.16293E+02
    0.50011E+01    0.15700E+02
    0.51021E+01    0.15126E+02
    0.52052E+01    0.14569E+02
    0.53104E+01    0.14031E+02
    0.54176E+01    0.13509E+02
    0.55271E+01    0.13004E+02
    0.56387E+01    0.12516E+02
    0.57526E+01    0.12043E+02
    0.58689E+01    0.11587E+02
    0.59874E+01    0.11145E+02
    0.61084E+01    0.10719E+02
    0.62318E+01    0.10306E+02
    0.63577E+01    0.99083E+01
    0.64861E+01    0.95239E+01
    0.66171E+01    0.91529E+01
    0.67508E+01    0.87948E+01
    0.68872E+01    0.84494E+01
    0.70263E+01    0.81162E+01
    0.71682E+01    0.77948E+01
    0.73130E+01    0.74851E+01
    0.74608E+01    0.71865E+01
    0.76115E+01    0.68988E+01
    0.77653E+01    0.66216E+01
    0.79221E+01    0.63546E+01
    0.80822E+01    0.60975E+01
    0.82454E+01    0.58501E+01
    0.84120E+01    0.56118E+01
    0.85819E+01    0.53826E+01
    0.87553E+01    0.51620E+01
    0.89322E+01    0.49499E+01
    0.91126E+01    0.47458E+01
    0.92967E+01    0.45496E+01
    0.94845E+01    0.43610E+01
    0.96761E+01    0.41797E+01
    0.98716E+01    0.40054E+01
    0.10071E+02    0.38380E+01
    0.10274E+02    0.36772E+01
    0.10482E+02    0.35228E+01
    0.10694E+02    0.33744E+01
    0.10910E+02    0.32320E+01
    0.11130E+02    0.30953E+01
    0.11355E+02    0.29640E+01
    0.11584E+02    0.28381E+01
    0.11818E+02    0.27172E+01
    0.12057E+02    0.26012E+01
    0.12301E+02    0.24900E+01
    0.12549E+02    0.23833E+01
    0.12803E+02    0.22810E+01
    0.13061E+02    0.21829E+01
    0.13325E+02    0.20888E+01
    0.13594E+02    0.19986E+01
    0.13869E+02    0.19122E+01
    0.14149E+02    0.18293E+01
    0.14435E+02    0.17500E+01
    0.14727E+02    0.16739E+01
    0.15024E+02    0.16010E+01
    0.15328E+02    0.15312E+01
    0.15637E+02    0.14644E+01
    0.15953E+02    0.14003E+01
    0.16275E+02    0.13390E+01
    0.16604E+02    0.12803E+01
    0.16940E+02    0.12241E+01
    0.17282E+02    0.11702E+01
    0.17631E+02    0.11187E+01
    0.17987E+02    0.10694E+01
    0.18351E+02    0.10222E+01
    0.18721E+02    0.97702E+00
    0.19099E+02    0.93379E+00
    0.19485E+02    0.89243E+00
    0.19879E+02    0.85286E+00
    0.20280E+02    0.81501E+00
    0.20690E+02    0.77879E+00
    0.21108E+02    0.74415E+00
    0.21535E+02    0.71102E+00
    0.21970E+02    0.67934E+00
    0.22413E+02    0.64903E+00
    0.22866E+02    0.62005E+00
    0.23328E+02    0.59235E+00
    0.23799E+02    0.56585E+00
    0.24280E+02    0.54052E+00
    0.24771E+02    0.51631E+00
    0.25271E+02    0.49316E+00
    0.25782E+02    0.47103E+00
    0.26302E+02    0.44988E+00
    0.26834E+02    0.42966E+00
    0.27376E+02    0.41034E+00
    0.27929E+02    0.39187E+00
    0.28493E+02    0.37423E+00
    0.29069E+02    0.35736E+00
    0.29656E+02    0.34125E+00
    0.30255E+02    0.32585E+00
    0.30866E+02    0.31114E+00
    0.31490E+02    0.29709E+00
    0.32126E+02    0.28366E+00
    0.32775E+02    0.27083E+00
    0.33437E+02    0.25858E+00
    0.34112E+02    0.24687E+00
    0.34801E+02    0.23569E+00
    0.35504E+02    0.22501E+00
    0.36222E+02    0.21480E+00
    0.36953E+02    0.20506E+00
    0.37700E+02    0.19575E+00
    0.38462E+02    0.18687E+00
    0.39239E+02    0.17838E+00
    0.40031E+02    0.17027E+00
    0.40840E+02    0.16253E+00
    0.41665E+02    0.15514E+00
    0.42507E+02    0.14808E+00
    0.43365E+02    0.14134E+00
    0.44241E+02    0.13491E+00
    0.45135E+02    0.12876E+00
    0.46047E+02    0.12289E+00
    0.46977E+02    0.11729E+00
    0.47926E+02    0.11194E+00
    0.48894E+02    0.10684E+00
    0.49882E+02    0.10196E+00
    0.50890E+02    0.97306E-01
    0.51918E+02    0.92863E-01
    0.52966E+02    0.88621E-01
    0.54036E+02    0.84573E-01
    0.55128E+02    0.80708E-01
    0.56242E+02    0.77020E-01
    0.57378E+02    0.73500E-01
    0.58537E+02    0.70140E-01
